Begin Time (s)	End Time (s)	Low Freq (Hz)	High Freq (Hz)	detection_confidence	Annotation	input_file	Selection	View	Channel
97.3215	97.3306	42656.0	50415.0	0.576	Echolocation	20220826_070000.WAV	1	Waveform 1	1
97.6215	97.6307	43515.0	53572.0	0.513	Echolocation	20220826_070000.WAV	2	Waveform 1	1
97.8255	97.8342	42656.0	51944.0	0.593	Echolocation	20220826_070000.WAV	3	Waveform 1	1
97.9385	97.9466	43515.0	50232.0	0.562	Echolocation	20220826_070000.WAV	4	Waveform 1	1
98.3515	98.3593	41796.0	49628.0	0.536	Echolocation	20220826_070000.WAV	5	Waveform 1	1
98.9135	98.9229	41796.0	51573.0	0.544	Echolocation	20220826_070000.WAV	6	Waveform 1	1
99.1015	99.1095	41796.0	51820.0	0.606	Echolocation	20220826_070000.WAV	7	Waveform 1	1
99.3965	99.4044	43515.0	49961.0	0.652	Echolocation	20220826_070000.WAV	8	Waveform 1	1
99.4995	99.5069	42656.0	54462.0	0.557	Echolocation	20220826_070000.WAV	9	Waveform 1	1
100.7895	100.7962	43515.0	53599.0	0.549	Echolocation	20220826_070000.WAV	10	Waveform 1	1
100.86449999999999	100.87180000000001	42656.0	55393.0	0.502	Echolocation	20220826_070000.WAV	11	Waveform 1	1
100.9745	100.9816	42656.0	57088.0	0.508	Echolocation	20220826_070000.WAV	12	Waveform 1	1
101.0695	101.0775	43515.0	52560.0	0.621	Echolocation	20220826_070000.WAV	13	Waveform 1	1
101.4805	101.4889	42656.0	55349.0	0.53	Echolocation	20220826_070000.WAV	14	Waveform 1	1
102.1455	102.1542	42656.0	55630.0	0.587	Echolocation	20220826_070000.WAV	15	Waveform 1	1
102.2405	102.249	41796.0	56290.0	0.59	Echolocation	20220826_070000.WAV	16	Waveform 1	1
102.3265	102.3351	42656.0	58643.0	0.572	Echolocation	20220826_070000.WAV	17	Waveform 1	1
102.4165	102.4268	41796.0	57185.0	0.526	Echolocation	20220826_070000.WAV	18	Waveform 1	1
102.5065	102.5157	42656.0	56803.0	0.512	Echolocation	20220826_070000.WAV	19	Waveform 1	1
102.5995	102.6058	43515.0	52891.0	0.634	Echolocation	20220826_070000.WAV	20	Waveform 1	1
102.7415	102.7587	22890.0	26174.0	0.513	Echolocation	20220826_070000.WAV	21	Waveform 1	1
102.8305	102.8374	42656.0	52912.0	0.624	Echolocation	20220826_070000.WAV	22	Waveform 1	1
103.4155	103.4232	41796.0	53574.0	0.602	Echolocation	20220826_070000.WAV	23	Waveform 1	1
103.5865	103.595	41796.0	53427.0	0.613	Echolocation	20220826_070000.WAV	24	Waveform 1	1
103.6765	103.685	41796.0	54130.0	0.564	Echolocation	20220826_070000.WAV	25	Waveform 1	1
273.3035	273.3277	24609.0	27867.0	0.517	Echolocation	20220826_070000.WAV	1	Waveform 1	1
275.7685	275.7893	24609.0	27909.0	0.61	Echolocation	20220826_070000.WAV	2	Waveform 1	1
277.3965	277.4176	24609.0	27140.0	0.623	Echolocation	20220826_070000.WAV	3	Waveform 1	1
627.7035	627.7125	40078.0	46217.0	0.615	Echolocation	20220826_070000.WAV	1	Waveform 1	1
627.8125	627.8207	39218.0	46351.0	0.628	Echolocation	20220826_070000.WAV	2	Waveform 1	1
628.2685	628.2772	39218.0	49868.0	0.634	Echolocation	20220826_070000.WAV	3	Waveform 1	1
628.5885	628.597	38359.0	45547.0	0.601	Echolocation	20220826_070000.WAV	4	Waveform 1	1
628.7295	628.7378	38359.0	44563.0	0.586	Echolocation	20220826_070000.WAV	5	Waveform 1	1
628.8715	628.8795	37500.0	44264.0	0.661	Echolocation	20220826_070000.WAV	6	Waveform 1	1
628.9615	628.97	39218.0	48283.0	0.682	Echolocation	20220826_070000.WAV	7	Waveform 1	1
629.0755	629.0825	38359.0	46830.0	0.555	Echolocation	20220826_070000.WAV	8	Waveform 1	1
629.1885	629.1979	38359.0	51644.0	0.687	Echolocation	20220826_070000.WAV	9	Waveform 1	1
629.5815	629.5899	38359.0	51022.0	0.681	Echolocation	20220826_070000.WAV	10	Waveform 1	1
629.6835	629.6926	38359.0	46732.0	0.609	Echolocation	20220826_070000.WAV	11	Waveform 1	1
629.8795	629.8887	38359.0	49170.0	0.659	Echolocation	20220826_070000.WAV	12	Waveform 1	1
630.1615	630.1689	38359.0	48332.0	0.664	Echolocation	20220826_070000.WAV	1	Waveform 1	1
630.2795	630.2868	38359.0	47152.0	0.602	Echolocation	20220826_070000.WAV	2	Waveform 1	1
630.4685	630.4772	38359.0	47306.0	0.658	Echolocation	20220826_070000.WAV	3	Waveform 1	1
630.5805	630.589	37500.0	42930.0	0.541	Echolocation	20220826_070000.WAV	4	Waveform 1	1
630.8035	630.8119	39218.0	47121.0	0.582	Echolocation	20220826_070000.WAV	5	Waveform 1	1
751.1285	751.1363	40937.0	50781.0	0.52	Echolocation	20220826_070000.WAV	1	Waveform 1	1
751.6285	751.6362	41796.0	49430.0	0.518	Echolocation	20220826_070000.WAV	2	Waveform 1	1
751.9295	751.9373	41796.0	47315.0	0.57	Echolocation	20220826_070000.WAV	3	Waveform 1	1
754.3105	754.3187	40937.0	50708.0	0.592	Echolocation	20220826_070000.WAV	4	Waveform 1	1
754.4085	754.4157	42656.0	51629.0	0.573	Echolocation	20220826_070000.WAV	5	Waveform 1	1
754.5875	754.5955	40937.0	54808.0	0.577	Echolocation	20220826_070000.WAV	6	Waveform 1	1
754.7145	754.7228	40937.0	49205.0	0.59	Echolocation	20220826_070000.WAV	7	Waveform 1	1
754.8105	754.8181	41796.0	53296.0	0.512	Echolocation	20220826_070000.WAV	8	Waveform 1	1
754.9915	754.9999	40078.0	50830.0	0.566	Echolocation	20220826_070000.WAV	9	Waveform 1	1
755.0905	755.0985	39218.0	46260.0	0.516	Echolocation	20220826_070000.WAV	10	Waveform 1	1
755.3745	755.3829	40078.0	48650.0	0.522	Echolocation	20220826_070000.WAV	11	Waveform 1	1
755.4805	755.4882	40937.0	51670.0	0.62	Echolocation	20220826_070000.WAV	12	Waveform 1	1
755.9695	755.9763	40937.0	49036.0	0.515	Echolocation	20220826_070000.WAV	13	Waveform 1	1
756.2795	756.2879	40078.0	48082.0	0.562	Echolocation	20220826_070000.WAV	14	Waveform 1	1
843.2295	843.2377	38359.0	45394.0	0.514	Echolocation	20220826_070000.WAV	1	Waveform 1	1
843.3375	843.3452	40078.0	50943.0	0.594	Echolocation	20220826_070000.WAV	2	Waveform 1	1
843.7075	843.7164	39218.0	52880.0	0.514	Echolocation	20220826_070000.WAV	3	Waveform 1	1
843.8025	843.8095	40937.0	53620.0	0.539	Echolocation	20220826_070000.WAV	4	Waveform 1	1
843.9105	843.917	41796.0	54933.0	0.507	Echolocation	20220826_070000.WAV	5	Waveform 1	1
844.0155	844.0235	38359.0	49857.0	0.587	Echolocation	20220826_070000.WAV	6	Waveform 1	1
844.3755	844.3834	40078.0	49387.0	0.526	Echolocation	20220826_070000.WAV	7	Waveform 1	1
844.5795	844.588	39218.0	46710.0	0.525	Echolocation	20220826_070000.WAV	8	Waveform 1	1
844.6795	844.688	40078.0	48246.0	0.677	Echolocation	20220826_070000.WAV	9	Waveform 1	1
844.7685	844.7767	39218.0	47375.0	0.599	Echolocation	20220826_070000.WAV	10	Waveform 1	1
844.8565	844.863	40078.0	49403.0	0.564	Echolocation	20220826_070000.WAV	11	Waveform 1	1
845.0575	845.0649	39218.0	46829.0	0.554	Echolocation	20220826_070000.WAV	12	Waveform 1	1
845.3505	845.3586	40078.0	49087.0	0.627	Echolocation	20220826_070000.WAV	13	Waveform 1	1
845.4425	845.4491	40937.0	50155.0	0.585	Echolocation	20220826_070000.WAV	14	Waveform 1	1
845.6245	845.6324	40078.0	50652.0	0.667	Echolocation	20220826_070000.WAV	15	Waveform 1	1
845.9365	845.9451	40078.0	46796.0	0.535	Echolocation	20220826_070000.WAV	16	Waveform 1	1
846.5195	846.5257	40078.0	52980.0	0.566	Echolocation	20220826_070000.WAV	17	Waveform 1	1
846.6655	846.6731	40078.0	50722.0	0.558	Echolocation	20220826_070000.WAV	18	Waveform 1	1
846.7495	846.7563	39218.0	52371.0	0.562	Echolocation	20220826_070000.WAV	19	Waveform 1	1
846.8505	846.8592	37500.0	49232.0	0.615	Echolocation	20220826_070000.WAV	20	Waveform 1	1
846.9515	846.9596	37500.0	49259.0	0.517	Echolocation	20220826_070000.WAV	21	Waveform 1	1
847.0545	847.0647	37500.0	55928.0	0.51	Echolocation	20220826_070000.WAV	22	Waveform 1	1
847.2515	847.2598	38359.0	48774.0	0.559	Echolocation	20220826_070000.WAV	23	Waveform 1	1
847.3595	847.366	36640.0	47556.0	0.558	Echolocation	20220826_070000.WAV	24	Waveform 1	1
847.4575	847.4652	38359.0	56807.0	0.612	Echolocation	20220826_070000.WAV	25	Waveform 1	1
847.5575	847.5656	37500.0	53426.0	0.518	Echolocation	20220826_070000.WAV	26	Waveform 1	1
847.6505	847.6576	37500.0	54369.0	0.557	Echolocation	20220826_070000.WAV	27	Waveform 1	1
847.7455	847.7554	40078.0	59255.0	0.585	Echolocation	20220826_070000.WAV	28	Waveform 1	1
847.8445	847.8526	37500.0	45278.0	0.542	Echolocation	20220826_070000.WAV	29	Waveform 1	1
847.9455	847.9542	37500.0	53298.0	0.595	Echolocation	20220826_070000.WAV	30	Waveform 1	1
848.0465	848.0547	38359.0	44953.0	0.568	Echolocation	20220826_070000.WAV	31	Waveform 1	1
848.7755	848.7837	38359.0	48849.0	0.621	Echolocation	20220826_070000.WAV	32	Waveform 1	1
849.0635	849.0718	37500.0	45577.0	0.593	Echolocation	20220826_070000.WAV	33	Waveform 1	1
849.1715	849.1795	38359.0	46667.0	0.635	Echolocation	20220826_070000.WAV	34	Waveform 1	1
851.0815	851.0888	40937.0	48471.0	0.509	Echolocation	20220826_070000.WAV	35	Waveform 1	1
851.7915	851.7993	38359.0	46273.0	0.622	Echolocation	20220826_070000.WAV	36	Waveform 1	1
852.1335	852.142	37500.0	45651.0	0.618	Echolocation	20220826_070000.WAV	37	Waveform 1	1
852.3295	852.3375	38359.0	50318.0	0.563	Echolocation	20220826_070000.WAV	38	Waveform 1	1
852.9125	852.9205	38359.0	47555.0	0.599	Echolocation	20220826_070000.WAV	39	Waveform 1	1
853.1155	853.1241	38359.0	48162.0	0.578	Echolocation	20220826_070000.WAV	40	Waveform 1	1
858.4395	858.4466	39218.0	49092.0	0.507	Echolocation	20220826_070000.WAV	41	Waveform 1	1
858.6495	858.6573	40078.0	49885.0	0.594	Echolocation	20220826_070000.WAV	42	Waveform 1	1
858.7615	858.7683	38359.0	47354.0	0.502	Echolocation	20220826_070000.WAV	43	Waveform 1	1
858.9615	858.9692	38359.0	45360.0	0.522	Echolocation	20220826_070000.WAV	44	Waveform 1	1
859.0595	859.0665	39218.0	52209.0	0.61	Echolocation	20220826_070000.WAV	45	Waveform 1	1
859.5875	859.5961	39218.0	48623.0	0.532	Echolocation	20220826_070000.WAV	46	Waveform 1	1
859.9085	859.9179	39218.0	50505.0	0.607	Echolocation	20220826_070000.WAV	47	Waveform 1	1
860.1375	860.1452	38359.0	45358.0	0.537	Echolocation	20220826_070000.WAV	48	Waveform 1	1
860.3425	860.3505	40078.0	46896.0	0.538	Echolocation	20220826_070000.WAV	49	Waveform 1	1
872.6545	872.6624	38359.0	46884.0	0.509	Echolocation	20220826_070000.WAV	1	Waveform 1	1
873.9135	873.9211	40078.0	49958.0	0.512	Echolocation	20220826_070000.WAV	2	Waveform 1	1
874.5165	874.5253	39218.0	46607.0	0.549	Echolocation	20220826_070000.WAV	3	Waveform 1	1
876.1035	876.1126	38359.0	46005.0	0.536	Echolocation	20220826_070000.WAV	4	Waveform 1	1
876.8525	876.8603	38359.0	45888.0	0.566	Echolocation	20220826_070000.WAV	5	Waveform 1	1
876.9995	877.0077	41796.0	47793.0	0.518	Echolocation	20220826_070000.WAV	6	Waveform 1	1
879.3595	879.3666	42656.0	55596.0	0.566	Echolocation	20220826_070000.WAV	7	Waveform 1	1
879.9335	879.9416	36640.0	48094.0	0.539	Echolocation	20220826_070000.WAV	8	Waveform 1	1
880.0375	880.0465	36640.0	50767.0	0.527	Echolocation	20220826_070000.WAV	9	Waveform 1	1
880.1555	880.1635	36640.0	43180.0	0.59	Echolocation	20220826_070000.WAV	10	Waveform 1	1
880.2695	880.2791	35781.0	50320.0	0.526	Echolocation	20220826_070000.WAV	11	Waveform 1	1
880.3845	880.393	36640.0	44813.0	0.551	Echolocation	20220826_070000.WAV	12	Waveform 1	1
880.5355	880.5423	40078.0	53499.0	0.544	Echolocation	20220826_070000.WAV	13	Waveform 1	1
880.6835	880.6921	37500.0	49390.0	0.561	Echolocation	20220826_070000.WAV	14	Waveform 1	1
880.7965	880.8052	38359.0	52818.0	0.619	Echolocation	20220826_070000.WAV	15	Waveform 1	1
880.8405	880.8485	41796.0	53249.0	0.662	Echolocation	20220826_070000.WAV	16	Waveform 1	1
880.9105	880.9172	38359.0	49867.0	0.518	Echolocation	20220826_070000.WAV	17	Waveform 1	1
881.1945	881.2016	39218.0	52674.0	0.614	Echolocation	20220826_070000.WAV	18	Waveform 1	1
881.3035	881.3096	35781.0	48697.0	0.568	Echolocation	20220826_070000.WAV	19	Waveform 1	1
881.4145	881.4205	36640.0	50125.0	0.531	Echolocation	20220826_070000.WAV	20	Waveform 1	1
881.6375	881.6458	38359.0	49313.0	0.672	Echolocation	20220826_070000.WAV	21	Waveform 1	1
881.8595	881.8688	38359.0	48916.0	0.572	Echolocation	20220826_070000.WAV	22	Waveform 1	1
882.0725	882.0803	38359.0	48200.0	0.542	Echolocation	20220826_070000.WAV	23	Waveform 1	1
882.2875	882.2955	42656.0	54054.0	0.534	Echolocation	20220826_070000.WAV	24	Waveform 1	1
882.3705	882.3777	41796.0	52119.0	0.619	Echolocation	20220826_070000.WAV	25	Waveform 1	1
882.4005	882.4081	38359.0	47803.0	0.546	Echolocation	20220826_070000.WAV	26	Waveform 1	1
882.7255	882.7346	41796.0	56181.0	0.571	Echolocation	20220826_070000.WAV	27	Waveform 1	1
882.8895	882.8987	41796.0	48591.0	0.527	Echolocation	20220826_070000.WAV	28	Waveform 1	1
883.4105	883.4192	40937.0	51427.0	0.545	Echolocation	20220826_070000.WAV	29	Waveform 1	1
883.6505	883.6591	40937.0	49657.0	0.59	Echolocation	20220826_070000.WAV	30	Waveform 1	1
883.9635	883.9713	41796.0	52856.0	0.656	Echolocation	20220826_070000.WAV	31	Waveform 1	1
884.4995	884.5072	41796.0	50709.0	0.632	Echolocation	20220826_070000.WAV	32	Waveform 1	1
884.7825	884.7903	41796.0	53520.0	0.589	Echolocation	20220826_070000.WAV	33	Waveform 1	1
885.2685	885.2758	41796.0	50219.0	0.548	Echolocation	20220826_070000.WAV	34	Waveform 1	1
886.2035	886.2106	40078.0	46269.0	0.534	Echolocation	20220826_070000.WAV	35	Waveform 1	1
886.3375	886.3446	39218.0	48375.0	0.536	Echolocation	20220826_070000.WAV	36	Waveform 1	1
886.4445	886.4548	37500.0	45678.0	0.507	Echolocation	20220826_070000.WAV	37	Waveform 1	1
886.5415	886.5502	38359.0	50211.0	0.505	Echolocation	20220826_070000.WAV	38	Waveform 1	1
886.6615	886.6695	38359.0	49525.0	0.578	Echolocation	20220826_070000.WAV	39	Waveform 1	1
886.8725	886.8813	39218.0	50571.0	0.61	Echolocation	20220826_070000.WAV	40	Waveform 1	1
886.9835	886.9923	39218.0	47445.0	0.575	Echolocation	20220826_070000.WAV	41	Waveform 1	1
887.0845	887.0935	39218.0	52673.0	0.582	Echolocation	20220826_070000.WAV	42	Waveform 1	1
887.3035	887.3119	38359.0	45150.0	0.546	Echolocation	20220826_070000.WAV	43	Waveform 1	1
887.4075	887.4161	38359.0	50287.0	0.554	Echolocation	20220826_070000.WAV	44	Waveform 1	1
887.5275	887.5362	38359.0	48206.0	0.559	Echolocation	20220826_070000.WAV	45	Waveform 1	1
887.6485	887.6564	37500.0	48644.0	0.601	Echolocation	20220826_070000.WAV	46	Waveform 1	1
887.7595	887.7682	38359.0	50758.0	0.56	Echolocation	20220826_070000.WAV	47	Waveform 1	1
887.8815	887.8898	37500.0	44794.0	0.514	Echolocation	20220826_070000.WAV	48	Waveform 1	1
888.5075	888.5144	40078.0	52473.0	0.61	Echolocation	20220826_070000.WAV	49	Waveform 1	1
888.5925	888.5993	36640.0	48585.0	0.517	Echolocation	20220826_070000.WAV	50	Waveform 1	1
888.6895	888.6963	38359.0	52516.0	0.515	Echolocation	20220826_070000.WAV	51	Waveform 1	1
888.8855	888.8929	37500.0	46571.0	0.504	Echolocation	20220826_070000.WAV	52	Waveform 1	1
889.0845	889.0922	37500.0	47020.0	0.531	Echolocation	20220826_070000.WAV	53	Waveform 1	1
889.3985	889.4062	38359.0	48279.0	0.63	Echolocation	20220826_070000.WAV	54	Waveform 1	1
889.4995	889.5075	39218.0	52686.0	0.591	Echolocation	20220826_070000.WAV	55	Waveform 1	1
889.6045	889.6123	37500.0	45654.0	0.555	Echolocation	20220826_070000.WAV	56	Waveform 1	1
889.7165	889.7257	38359.0	50900.0	0.562	Echolocation	20220826_070000.WAV	57	Waveform 1	1
889.7875	889.7953	42656.0	48461.0	0.566	Echolocation	20220826_070000.WAV	58	Waveform 1	1
889.9775	889.9854	39218.0	53467.0	0.53	Echolocation	20220826_070000.WAV	59	Waveform 1	1
890.0045	890.0116	42656.0	49535.0	0.618	Echolocation	20220826_070000.WAV	60	Waveform 1	1
890.0705	890.0779	38359.0	49149.0	0.566	Echolocation	20220826_070000.WAV	61	Waveform 1	1
890.1075	890.1143	42656.0	50743.0	0.561	Echolocation	20220826_070000.WAV	62	Waveform 1	1
890.1785	890.1866	40078.0	54167.0	0.579	Echolocation	20220826_070000.WAV	63	Waveform 1	1
890.5565	890.5626	36640.0	45227.0	0.569	Echolocation	20220826_070000.WAV	64	Waveform 1	1
890.6725	890.6793	36640.0	48142.0	0.553	Echolocation	20220826_070000.WAV	65	Waveform 1	1
890.6945	890.7026	41796.0	52651.0	0.615	Echolocation	20220826_070000.WAV	66	Waveform 1	1
890.7875	890.7924	36640.0	45448.0	0.534	Echolocation	20220826_070000.WAV	67	Waveform 1	1
891.0705	891.0766	42656.0	51694.0	0.601	Echolocation	20220826_070000.WAV	68	Waveform 1	1
891.3495	891.3576	41796.0	51410.0	0.668	Echolocation	20220826_070000.WAV	69	Waveform 1	1
891.4435	891.4521	41796.0	55259.0	0.678	Echolocation	20220826_070000.WAV	70	Waveform 1	1
891.5264999999999	891.5344	41796.0	55438.0	0.725	Echolocation	20220826_070000.WAV	71	Waveform 1	1
891.7185	891.7267	41796.0	52998.0	0.588	Echolocation	20220826_070000.WAV	72	Waveform 1	1
891.7975	891.8035	38359.0	52162.0	0.568	Echolocation	20220826_070000.WAV	73	Waveform 1	1
891.8145	891.8224	41796.0	52952.0	0.504	Echolocation	20220826_070000.WAV	74	Waveform 1	1
891.8705	891.8768	39218.0	56028.0	0.58	Echolocation	20220826_070000.WAV	75	Waveform 1	1
891.9545	891.9613	38359.0	56824.0	0.535	Echolocation	20220826_070000.WAV	76	Waveform 1	1
892.0315	892.0379	37500.0	54195.0	0.515	Echolocation	20220826_070000.WAV	77	Waveform 1	1
892.1225	892.1298	38359.0	57204.0	0.526	Echolocation	20220826_070000.WAV	78	Waveform 1	1
892.2165	892.2238	38359.0	46483.0	0.564	Echolocation	20220826_070000.WAV	79	Waveform 1	1
892.3095	892.3163	37500.0	51076.0	0.514	Echolocation	20220826_070000.WAV	80	Waveform 1	1
892.3465	892.3538	40937.0	49176.0	0.633	Echolocation	20220826_070000.WAV	81	Waveform 1	1
892.4095	892.4168999999999	38359.0	49931.0	0.545	Echolocation	20220826_070000.WAV	82	Waveform 1	1
892.5695	892.5773	40937.0	49626.0	0.671	Echolocation	20220826_070000.WAV	83	Waveform 1	1
892.6035	892.6123	38359.0	52042.0	0.514	Echolocation	20220826_070000.WAV	84	Waveform 1	1
892.9185	892.9276	37500.0	47727.0	0.575	Echolocation	20220826_070000.WAV	85	Waveform 1	1
893.3625	893.3699	40078.0	48250.0	0.593	Echolocation	20220826_070000.WAV	86	Waveform 1	1
893.5095	893.5166	40078.0	47863.0	0.566	Echolocation	20220826_070000.WAV	87	Waveform 1	1
893.7385	893.7471	41796.0	47314.0	0.564	Echolocation	20220826_070000.WAV	88	Waveform 1	1
981.4025	981.4107	40078.0	46105.0	0.528	Echolocation	20220826_070000.WAV	1	Waveform 1	1
982.8995	982.9089	38359.0	44130.0	0.505	Echolocation	20220826_070000.WAV	2	Waveform 1	1
995.9835	995.9924	41796.0	49683.0	0.58	Echolocation	20220826_070000.WAV	1	Waveform 1	1
996.5885	996.5964	40937.0	48813.0	0.604	Echolocation	20220826_070000.WAV	2	Waveform 1	1
997.1125	997.1199	40937.0	46357.0	0.506	Echolocation	20220826_070000.WAV	3	Waveform 1	1
997.7205	997.7286	40937.0	52868.0	0.503	Echolocation	20220826_070000.WAV	4	Waveform 1	1
997.8305	997.8385	41796.0	53320.0	0.525	Echolocation	20220826_070000.WAV	5	Waveform 1	1
999.3605	999.367	41796.0	50939.0	0.632	Echolocation	20220826_070000.WAV	6	Waveform 1	1
999.4545	999.4624	41796.0	47435.0	0.543	Echolocation	20220826_070000.WAV	7	Waveform 1	1
1000.4645	1000.4722	40937.0	48502.0	0.503	Echolocation	20220826_070000.WAV	8	Waveform 1	1
1000.8335	1000.8407	40937.0	49073.0	0.577	Echolocation	20220826_070000.WAV	9	Waveform 1	1
1001.1255	1001.1337	40937.0	47602.0	0.543	Echolocation	20220826_070000.WAV	10	Waveform 1	1
1001.5105	1001.5186	41796.0	53174.0	0.615	Echolocation	20220826_070000.WAV	11	Waveform 1	1
1001.9395	1001.947	41796.0	48102.0	0.533	Echolocation	20220826_070000.WAV	12	Waveform 1	1
1003.5605	1003.5673	43515.0	51000.0	0.604	Echolocation	20220826_070000.WAV	13	Waveform 1	1
1003.6455	1003.6525	41796.0	50824.0	0.557	Echolocation	20220826_070000.WAV	14	Waveform 1	1
1003.8225	1003.8291	41796.0	48133.0	0.613	Echolocation	20220826_070000.WAV	15	Waveform 1	1
1004.4755	1004.4841	43515.0	48469.0	0.552	Echolocation	20220826_070000.WAV	16	Waveform 1	1
1006.4845	1006.4916	41796.0	52770.0	0.594	Echolocation	20220826_070000.WAV	17	Waveform 1	1
1006.7365	1006.7444	41796.0	53606.0	0.537	Echolocation	20220826_070000.WAV	18	Waveform 1	1
1007.1725	1007.1811	41796.0	53322.0	0.628	Echolocation	20220826_070000.WAV	19	Waveform 1	1
1007.3975	1007.4058	43515.0	52363.0	0.568	Echolocation	20220826_070000.WAV	20	Waveform 1	1
1007.6845	1007.6927	43515.0	51842.0	0.592	Echolocation	20220826_070000.WAV	21	Waveform 1	1
1010.6565	1010.6635	41796.0	51233.0	0.587	Echolocation	20220826_070000.WAV	22	Waveform 1	1
1010.9535	1010.9622	42656.0	50197.0	0.547	Echolocation	20220826_070000.WAV	23	Waveform 1	1
1011.0345	1011.0409	43515.0	54675.0	0.586	Echolocation	20220826_070000.WAV	24	Waveform 1	1
1011.5415	1011.5496	41796.0	47663.0	0.509	Echolocation	20220826_070000.WAV	25	Waveform 1	1
1012.5165	1012.5231	41796.0	47767.0	0.511	Echolocation	20220826_070000.WAV	26	Waveform 1	1
1012.5965	1012.603	42656.0	50484.0	0.606	Echolocation	20220826_070000.WAV	27	Waveform 1	1
1012.7705	1012.7792	42656.0	50797.0	0.615	Echolocation	20220826_070000.WAV	28	Waveform 1	1
1012.8605	1012.8674	43515.0	49168.0	0.559	Echolocation	20220826_070000.WAV	29	Waveform 1	1
1013.0375	1013.0438	41796.0	51155.0	0.534	Echolocation	20220826_070000.WAV	30	Waveform 1	1
1013.1255	1013.134	42656.0	49180.0	0.542	Echolocation	20220826_070000.WAV	31	Waveform 1	1
1013.4565	1013.4634	40937.0	50559.0	0.516	Echolocation	20220826_070000.WAV	32	Waveform 1	1
1014.0245	1014.0325	41796.0	48084.0	0.501	Echolocation	20220826_070000.WAV	33	Waveform 1	1
1018.2075	1018.2151	40937.0	54150.0	0.525	Echolocation	20220826_070000.WAV	34	Waveform 1	1
1020.2195	1020.2269	41796.0	52195.0	0.529	Echolocation	20220826_070000.WAV	1	Waveform 1	1
1020.3055	1020.3133	41796.0	47619.0	0.516	Echolocation	20220826_070000.WAV	2	Waveform 1	1
1020.4865	1020.4939	40937.0	51867.0	0.556	Echolocation	20220826_070000.WAV	3	Waveform 1	1
1020.7875	1020.7963	41796.0	49864.0	0.572	Echolocation	20220826_070000.WAV	4	Waveform 1	1
1021.1995	1021.2071	43515.0	50645.0	0.643	Echolocation	20220826_070000.WAV	5	Waveform 1	1
1024.5475	1024.5573	40078.0	49721.0	0.588	Echolocation	20220826_070000.WAV	6	Waveform 1	1
1024.6905	1024.6992	42656.0	49140.0	0.505	Echolocation	20220826_070000.WAV	7	Waveform 1	1
1024.7985	1024.8074	42656.0	49453.0	0.575	Echolocation	20220826_070000.WAV	8	Waveform 1	1
1024.8855	1024.8931	41796.0	48398.0	0.601	Echolocation	20220826_070000.WAV	9	Waveform 1	1
1025.0475	1025.0573	41796.0	51224.0	0.573	Echolocation	20220826_070000.WAV	10	Waveform 1	1
1025.0905	1025.0985	42656.0	49573.0	0.527	Echolocation	20220826_070000.WAV	11	Waveform 1	1
1025.1975	1025.2063	43515.0	52892.0	0.626	Echolocation	20220826_070000.WAV	12	Waveform 1	1
1025.3045	1025.3134	41796.0	48673.0	0.666	Echolocation	20220826_070000.WAV	13	Waveform 1	1
1025.3585	1025.3655	39218.0	47007.0	0.603	Echolocation	20220826_070000.WAV	14	Waveform 1	1
1025.4025	1025.4113	43515.0	51975.0	0.555	Echolocation	20220826_070000.WAV	15	Waveform 1	1
1025.5135	1025.5227	41796.0	49958.0	0.609	Echolocation	20220826_070000.WAV	16	Waveform 1	1
1025.6245	1025.6334	42656.0	52493.0	0.627	Echolocation	20220826_070000.WAV	17	Waveform 1	1
1025.6725	1025.6817	39218.0	45166.0	0.503	Echolocation	20220826_070000.WAV	18	Waveform 1	1
1025.7345	1025.7428	41796.0	47727.0	0.518	Echolocation	20220826_070000.WAV	19	Waveform 1	1
1025.9245	1025.9317	43515.0	51637.0	0.681	Echolocation	20220826_070000.WAV	20	Waveform 1	1
1026.1255	1026.1337	41796.0	52749.0	0.552	Echolocation	20220826_070000.WAV	21	Waveform 1	1
1026.3385	1026.3471	41796.0	48734.0	0.617	Echolocation	20220826_070000.WAV	22	Waveform 1	1
1026.4265	1026.434	42656.0	52330.0	0.538	Echolocation	20220826_070000.WAV	23	Waveform 1	1
1026.5275	1026.534	42656.0	55496.0	0.515	Echolocation	20220826_070000.WAV	24	Waveform 1	1
1027.7405	1027.7499	43515.0	56136.0	0.513	Echolocation	20220826_070000.WAV	25	Waveform 1	1
1029.7765	1029.7853	42656.0	49397.0	0.576	Echolocation	20220826_070000.WAV	26	Waveform 1	1
1030.6255	1030.6334	43515.0	47940.0	0.501	Echolocation	20220826_070000.WAV	27	Waveform 1	1
1032.1245	1032.1321	42656.0	54042.0	0.599	Echolocation	20220826_070000.WAV	28	Waveform 1	1
1032.4115	1032.4203	41796.0	55857.0	0.642	Echolocation	20220826_070000.WAV	29	Waveform 1	1
1032.4895	1032.4988	41796.0	56351.0	0.524	Echolocation	20220826_070000.WAV	30	Waveform 1	1
1032.5745	1032.5806	40078.0	55765.0	0.524	Echolocation	20220826_070000.WAV	31	Waveform 1	1
1032.6955	1032.7026	43515.0	57846.0	0.607	Echolocation	20220826_070000.WAV	32	Waveform 1	1
1033.2145	1033.2237	41796.0	54737.0	0.597	Echolocation	20220826_070000.WAV	33	Waveform 1	1
1033.4045	1033.4122	40937.0	51224.0	0.628	Echolocation	20220826_070000.WAV	34	Waveform 1	1
1033.9225	1033.9295	40078.0	52395.0	0.538	Echolocation	20220826_070000.WAV	35	Waveform 1	1
1034.9545	1034.961	41796.0	48731.0	0.549	Echolocation	20220826_070000.WAV	36	Waveform 1	1
1036.3385	1036.3458	44375.0	55869.0	0.598	Echolocation	20220826_070000.WAV	37	Waveform 1	1
1036.4195	1036.4276	41796.0	54898.0	0.529	Echolocation	20220826_070000.WAV	38	Waveform 1	1
1036.5085	1036.5175	41796.0	54415.0	0.588	Echolocation	20220826_070000.WAV	39	Waveform 1	1
1036.5995	1036.6082	42656.0	56319.0	0.566	Echolocation	20220826_070000.WAV	40	Waveform 1	1
1036.7065	1036.7147	41796.0	47068.0	0.526	Echolocation	20220826_070000.WAV	41	Waveform 1	1
1037.2465	1037.2546	43515.0	54168.0	0.625	Echolocation	20220826_070000.WAV	42	Waveform 1	1
1037.3285	1037.3351	42656.0	52322.0	0.578	Echolocation	20220826_070000.WAV	43	Waveform 1	1
1037.4225	1037.4308	41796.0	56800.0	0.643	Echolocation	20220826_070000.WAV	44	Waveform 1	1
1037.5265	1037.5346	41796.0	52551.0	0.585	Echolocation	20220826_070000.WAV	45	Waveform 1	1
1037.6285	1037.6364	40937.0	51109.0	0.601	Echolocation	20220826_070000.WAV	46	Waveform 1	1
1037.7275	1037.7349	41796.0	58477.0	0.593	Echolocation	20220826_070000.WAV	47	Waveform 1	1
1037.9115	1037.9182	41796.0	51920.0	0.548	Echolocation	20220826_070000.WAV	48	Waveform 1	1
1038.7705	1038.78	43515.0	48554.0	0.52	Echolocation	20220826_070000.WAV	49	Waveform 1	1
1040.0095	1040.0178	43515.0	52477.0	0.545	Echolocation	20220826_070000.WAV	50	Waveform 1	1
1040.6965	1040.7036	42656.0	53167.0	0.52	Echolocation	20220826_070000.WAV	51	Waveform 1	1
1041.0115	1041.0197	40078.0	54316.0	0.592	Echolocation	20220826_070000.WAV	52	Waveform 1	1
1041.1165	1041.1262	40078.0	49095.0	0.537	Echolocation	20220826_070000.WAV	53	Waveform 1	1
1041.2275	1041.2357	40078.0	48963.0	0.528	Echolocation	20220826_070000.WAV	54	Waveform 1	1
1041.5855	1041.593	41796.0	50209.0	0.603	Echolocation	20220826_070000.WAV	55	Waveform 1	1
1041.7935	1041.8015	40078.0	50740.0	0.512	Echolocation	20220826_070000.WAV	56	Waveform 1	1
1042.7095	1042.7175	43515.0	49772.0	0.618	Echolocation	20220826_070000.WAV	57	Waveform 1	1
1042.8925	1042.9004	42656.0	51664.0	0.55	Echolocation	20220826_070000.WAV	58	Waveform 1	1
1042.9995	1043.0058	42656.0	53668.0	0.554	Echolocation	20220826_070000.WAV	59	Waveform 1	1
1043.1005	1043.1066	42656.0	55238.0	0.594	Echolocation	20220826_070000.WAV	60	Waveform 1	1
1043.2025	1043.2114	41796.0	47955.0	0.619	Echolocation	20220826_070000.WAV	61	Waveform 1	1
1043.3005	1043.3092	42656.0	55042.0	0.611	Echolocation	20220826_070000.WAV	62	Waveform 1	1
1043.4025	1043.4113	42656.0	55910.0	0.587	Echolocation	20220826_070000.WAV	63	Waveform 1	1
1043.5025	1043.5098	43515.0	51065.0	0.602	Echolocation	20220826_070000.WAV	64	Waveform 1	1
1043.5945	1043.6016	43515.0	49764.0	0.632	Echolocation	20220826_070000.WAV	65	Waveform 1	1
1043.9075	1043.9157	41796.0	48264.0	0.502	Echolocation	20220826_070000.WAV	66	Waveform 1	1
1044.0095	1044.0174	40937.0	51786.0	0.65	Echolocation	20220826_070000.WAV	67	Waveform 1	1
1044.3025	1044.3105	42656.0	56549.0	0.576	Echolocation	20220826_070000.WAV	68	Waveform 1	1
1044.4055	1044.4134	40937.0	51668.0	0.568	Echolocation	20220826_070000.WAV	69	Waveform 1	1
1044.5105	1044.5184	41796.0	61104.0	0.519	Echolocation	20220826_070000.WAV	70	Waveform 1	1
1044.6195	1044.6282	42656.0	59163.0	0.589	Echolocation	20220826_070000.WAV	71	Waveform 1	1
1044.7205	1044.73	42656.0	57016.0	0.569	Echolocation	20220826_070000.WAV	72	Waveform 1	1
1045.0235	1045.0315	41796.0	49130.0	0.564	Echolocation	20220826_070000.WAV	73	Waveform 1	1
1045.7285	1045.7341	42656.0	55720.0	0.601	Echolocation	20220826_070000.WAV	74	Waveform 1	1
1045.8905	1045.8974	40937.0	53186.0	0.508	Echolocation	20220826_070000.WAV	75	Waveform 1	1
1046.3075	1046.3148	40937.0	57023.0	0.549	Echolocation	20220826_070000.WAV	76	Waveform 1	1
1046.4075	1046.4157	41796.0	50869.0	0.622	Echolocation	20220826_070000.WAV	77	Waveform 1	1
1046.5065	1046.5149	41796.0	51542.0	0.62	Echolocation	20220826_070000.WAV	78	Waveform 1	1
1046.5895	1046.5975	40937.0	50877.0	0.521	Echolocation	20220826_070000.WAV	79	Waveform 1	1
1047.1155	1047.1235	41796.0	47589.0	0.617	Echolocation	20220826_070000.WAV	80	Waveform 1	1
1047.2405	1047.2481	41796.0	54650.0	0.519	Echolocation	20220826_070000.WAV	81	Waveform 1	1
1048.5305	1048.5374	44375.0	53306.0	0.691	Echolocation	20220826_070000.WAV	82	Waveform 1	1
1048.6045	1048.6116	41796.0	54233.0	0.55	Echolocation	20220826_070000.WAV	83	Waveform 1	1
1048.6925	1048.7009	41796.0	56801.0	0.566	Echolocation	20220826_070000.WAV	84	Waveform 1	1
1048.7835	1048.7922	41796.0	50187.0	0.608	Echolocation	20220826_070000.WAV	85	Waveform 1	1
1048.9555	1048.9655	40937.0	59514.0	0.507	Echolocation	20220826_070000.WAV	86	Waveform 1	1
1049.1345	1049.1428	41796.0	52196.0	0.575	Echolocation	20220826_070000.WAV	87	Waveform 1	1
1049.3205	1049.3279	41796.0	52634.0	0.536	Echolocation	20220826_070000.WAV	88	Waveform 1	1
1049.5145	1049.523	40937.0	48417.0	0.524	Echolocation	20220826_070000.WAV	89	Waveform 1	1
1049.8065	1049.8146	41796.0	50504.0	0.575	Echolocation	20220826_070000.WAV	90	Waveform 1	1
1050.2005	1050.2081	42656.0	52262.0	0.533	Echolocation	20220826_070000.WAV	1	Waveform 1	1
1051.6775	1051.6866	43515.0	54354.0	0.534	Echolocation	20220826_070000.WAV	2	Waveform 1	1
1051.7555	1051.7627	41796.0	52399.0	0.56	Echolocation	20220826_070000.WAV	3	Waveform 1	1
1051.8395	1051.8478	43515.0	53595.0	0.591	Echolocation	20220826_070000.WAV	4	Waveform 1	1
1051.9255	1051.9341	41796.0	52038.0	0.511	Echolocation	20220826_070000.WAV	5	Waveform 1	1
1052.0605	1052.0673	41796.0	53758.0	0.533	Echolocation	20220826_070000.WAV	6	Waveform 1	1
1052.3085	1052.3162	40937.0	47011.0	0.595	Echolocation	20220826_070000.WAV	7	Waveform 1	1
1052.5745	1052.583	41796.0	51008.0	0.565	Echolocation	20220826_070000.WAV	8	Waveform 1	1
1052.9725	1052.9799	42656.0	48040.0	0.518	Echolocation	20220826_070000.WAV	9	Waveform 1	1
1054.4355	1054.4426	40937.0	50561.0	0.553	Echolocation	20220826_070000.WAV	10	Waveform 1	1
1054.9735	1054.9808	41796.0	47317.0	0.594	Echolocation	20220826_070000.WAV	11	Waveform 1	1
1055.0715	1055.0786	42656.0	53235.0	0.573	Echolocation	20220826_070000.WAV	12	Waveform 1	1
1055.1815	1055.19	42656.0	47948.0	0.5	Echolocation	20220826_070000.WAV	13	Waveform 1	1
1055.4755	1055.4828	41796.0	47995.0	0.592	Echolocation	20220826_070000.WAV	14	Waveform 1	1
1055.5785	1055.5873	41796.0	57391.0	0.566	Echolocation	20220826_070000.WAV	15	Waveform 1	1
1055.8025	1055.8112	41796.0	47330.0	0.522	Echolocation	20220826_070000.WAV	16	Waveform 1	1
1055.9115	1055.9189	41796.0	49826.0	0.629	Echolocation	20220826_070000.WAV	17	Waveform 1	1
1056.1065	1056.1156	42656.0	58304.0	0.55	Echolocation	20220826_070000.WAV	18	Waveform 1	1
1056.1865	1056.1956	42656.0	61903.0	0.552	Echolocation	20220826_070000.WAV	19	Waveform 1	1
1056.2555	1056.2623	42656.0	55408.0	0.564	Echolocation	20220826_070000.WAV	20	Waveform 1	1
1056.3295	1056.335	42656.0	54117.0	0.527	Echolocation	20220826_070000.WAV	21	Waveform 1	1
1056.4005	1056.4069	41796.0	50291.0	0.51	Echolocation	20220826_070000.WAV	22	Waveform 1	1
1057.6355	1057.6437	43515.0	56597.0	0.579	Echolocation	20220826_070000.WAV	23	Waveform 1	1
1057.8075	1057.8158	43515.0	59460.0	0.587	Echolocation	20220826_070000.WAV	24	Waveform 1	1
1058.1205	1058.1291	42656.0	51779.0	0.572	Echolocation	20220826_070000.WAV	25	Waveform 1	1
1058.3015	1058.3104	41796.0	56973.0	0.569	Echolocation	20220826_070000.WAV	26	Waveform 1	1
1058.5035	1058.5132	41796.0	56267.0	0.552	Echolocation	20220826_070000.WAV	27	Waveform 1	1
1058.5985	1058.6086	41796.0	59726.0	0.542	Echolocation	20220826_070000.WAV	28	Waveform 1	1
1058.7875	1058.7971	42656.0	57495.0	0.548	Echolocation	20220826_070000.WAV	29	Waveform 1	1
1058.8715	1058.8793	41796.0	60708.0	0.584	Echolocation	20220826_070000.WAV	30	Waveform 1	1
1058.9655	1058.9741	41796.0	57260.0	0.549	Echolocation	20220826_070000.WAV	31	Waveform 1	1
1059.0605	1059.0678	41796.0	51385.0	0.522	Echolocation	20220826_070000.WAV	32	Waveform 1	1
1059.1795	1059.1878	41796.0	59293.0	0.503	Echolocation	20220826_070000.WAV	33	Waveform 1	1
1059.2735	1059.2819	42656.0	60485.0	0.538	Echolocation	20220826_070000.WAV	34	Waveform 1	1
1059.6445	1059.6542	41796.0	61395.0	0.524	Echolocation	20220826_070000.WAV	35	Waveform 1	1
1059.7375	1059.7476	42656.0	59808.0	0.528	Echolocation	20220826_070000.WAV	36	Waveform 1	1
1060.0225	1060.0301	42656.0	58474.0	0.535	Echolocation	20220826_070000.WAV	37	Waveform 1	1
1060.1175	1060.125	41796.0	60193.0	0.534	Echolocation	20220826_070000.WAV	38	Waveform 1	1
1060.2195	1060.2269000000001	41796.0	53877.0	0.511	Echolocation	20220826_070000.WAV	39	Waveform 1	1
1060.5275	1060.5366	40937.0	58816.0	0.53	Echolocation	20220826_070000.WAV	40	Waveform 1	1
1060.6305	1060.6383	41796.0	55302.0	0.605	Echolocation	20220826_070000.WAV	41	Waveform 1	1
1061.2235	1061.2316	41796.0	61108.0	0.597	Echolocation	20220826_070000.WAV	42	Waveform 1	1
1061.3115	1061.3186	41796.0	55993.0	0.539	Echolocation	20220826_070000.WAV	43	Waveform 1	1
1061.4225	1061.4276	38359.0	54954.0	0.528	Echolocation	20220826_070000.WAV	44	Waveform 1	1
1062.0795	1062.0889	42656.0	49017.0	0.585	Echolocation	20220826_070000.WAV	45	Waveform 1	1
1062.1695	1062.1787	40937.0	60196.0	0.506	Echolocation	20220826_070000.WAV	46	Waveform 1	1
1062.2575	1062.2661	41796.0	47572.0	0.565	Echolocation	20220826_070000.WAV	47	Waveform 1	1
1062.4245	1062.4327	40937.0	49441.0	0.591	Echolocation	20220826_070000.WAV	48	Waveform 1	1
1062.4965	1062.504	40078.0	49458.0	0.524	Echolocation	20220826_070000.WAV	49	Waveform 1	1
1063.9805	1063.9887	42656.0	48635.0	0.546	Echolocation	20220826_070000.WAV	50	Waveform 1	1
1064.3955	1064.4029	41796.0	51217.0	0.619	Echolocation	20220826_070000.WAV	51	Waveform 1	1
1064.4945	1064.501	41796.0	51761.0	0.594	Echolocation	20220826_070000.WAV	52	Waveform 1	1
1064.7605	1064.769	41796.0	50950.0	0.505	Echolocation	20220826_070000.WAV	53	Waveform 1	1
1064.8455	1064.8532	41796.0	49725.0	0.532	Echolocation	20220826_070000.WAV	54	Waveform 1	1
1064.9315	1064.94	42656.0	48555.0	0.559	Echolocation	20220826_070000.WAV	55	Waveform 1	1
1065.1785	1065.1875	41796.0	57663.0	0.601	Echolocation	20220826_070000.WAV	56	Waveform 1	1
1065.3405	1065.3503	42656.0	55541.0	0.538	Echolocation	20220826_070000.WAV	57	Waveform 1	1
1065.8805	1065.8885	43515.0	49491.0	0.526	Echolocation	20220826_070000.WAV	58	Waveform 1	1
1065.9615	1065.9707	42656.0	58969.0	0.503	Echolocation	20220826_070000.WAV	59	Waveform 1	1
1066.0465	1066.0553	41796.0	60009.0	0.525	Echolocation	20220826_070000.WAV	60	Waveform 1	1
1066.1375	1066.149	42656.0	54215.0	0.512	Echolocation	20220826_070000.WAV	61	Waveform 1	1
1066.4425	1066.453	42656.0	57763.0	0.502	Echolocation	20220826_070000.WAV	62	Waveform 1	1
1067.7825	1067.7911	41796.0	57895.0	0.53	Echolocation	20220826_070000.WAV	63	Waveform 1	1
1068.0195	1068.0284	40078.0	47482.0	0.609	Echolocation	20220826_070000.WAV	64	Waveform 1	1
1068.0735	1068.0819	41796.0	58303.0	0.516	Echolocation	20220826_070000.WAV	65	Waveform 1	1
1068.1685	1068.1782	41796.0	57347.0	0.573	Echolocation	20220826_070000.WAV	66	Waveform 1	1
1068.2675	1068.2753	41796.0	54083.0	0.575	Echolocation	20220826_070000.WAV	67	Waveform 1	1
1068.3635	1068.3716	40937.0	56287.0	0.551	Echolocation	20220826_070000.WAV	68	Waveform 1	1
1068.4395	1068.4475	39218.0	47535.0	0.555	Echolocation	20220826_070000.WAV	69	Waveform 1	1
1068.6485	1068.6565	40937.0	55532.0	0.55	Echolocation	20220826_070000.WAV	70	Waveform 1	1
1069.8555	1069.8639	43515.0	59786.0	0.627	Echolocation	20220826_070000.WAV	71	Waveform 1	1
1069.9315	1069.9394	42656.0	53322.0	0.617	Echolocation	20220826_070000.WAV	72	Waveform 1	1
1070.0865	1070.095	41796.0	57903.0	0.553	Echolocation	20220826_070000.WAV	73	Waveform 1	1
1070.2025	1070.2105	42656.0	54841.0	0.515	Echolocation	20220826_070000.WAV	74	Waveform 1	1
1070.3335	1070.3415	41796.0	51577.0	0.644	Echolocation	20220826_070000.WAV	75	Waveform 1	1
1070.4235	1070.4299	43515.0	54001.0	0.541	Echolocation	20220826_070000.WAV	76	Waveform 1	1
1070.5065	1070.5138	43515.0	52647.0	0.59	Echolocation	20220826_070000.WAV	77	Waveform 1	1
1070.5835	1070.5907	41796.0	52220.0	0.62	Echolocation	20220826_070000.WAV	78	Waveform 1	1
1071.5285	1071.5351	41796.0	49438.0	0.555	Echolocation	20220826_070000.WAV	79	Waveform 1	1
1071.7025	1071.7104	40937.0	47228.0	0.531	Echolocation	20220826_070000.WAV	80	Waveform 1	1
1073.3745	1073.382	42656.0	55747.0	0.504	Echolocation	20220826_070000.WAV	81	Waveform 1	1
1073.6025	1073.6093	43515.0	54445.0	0.695	Echolocation	20220826_070000.WAV	82	Waveform 1	1
1073.6925	1073.7	43515.0	52673.0	0.653	Echolocation	20220826_070000.WAV	83	Waveform 1	1
1073.7685	1073.7766	42656.0	53575.0	0.593	Echolocation	20220826_070000.WAV	84	Waveform 1	1
1073.8435	1073.8513	43515.0	51419.0	0.65	Echolocation	20220826_070000.WAV	85	Waveform 1	1
1073.9125	1073.9208	42656.0	52575.0	0.52	Echolocation	20220826_070000.WAV	86	Waveform 1	1
1073.9935	1074.0017	41796.0	52257.0	0.524	Echolocation	20220826_070000.WAV	87	Waveform 1	1
1074.0715	1074.0792	42656.0	57622.0	0.587	Echolocation	20220826_070000.WAV	88	Waveform 1	1
1074.1485	1074.1565	42656.0	54969.0	0.61	Echolocation	20220826_070000.WAV	89	Waveform 1	1
1074.2175	1074.2243	43515.0	53496.0	0.618	Echolocation	20220826_070000.WAV	90	Waveform 1	1
1074.2925	1074.2999	42656.0	51311.0	0.589	Echolocation	20220826_070000.WAV	91	Waveform 1	1
1075.0815	1075.0894	44375.0	51019.0	0.64	Echolocation	20220826_070000.WAV	92	Waveform 1	1
1075.3365	1075.3441	42656.0	53877.0	0.532	Echolocation	20220826_070000.WAV	93	Waveform 1	1
1075.4235	1075.4324	41796.0	59402.0	0.556	Echolocation	20220826_070000.WAV	94	Waveform 1	1
1075.5095	1075.517	41796.0	58454.0	0.519	Echolocation	20220826_070000.WAV	95	Waveform 1	1
1075.5985	1075.6073	42656.0	57936.0	0.536	Echolocation	20220826_070000.WAV	96	Waveform 1	1
1075.6855	1075.6945	42656.0	59279.0	0.621	Echolocation	20220826_070000.WAV	97	Waveform 1	1
1075.7715	1075.7825	42656.0	56855.0	0.592	Echolocation	20220826_070000.WAV	98	Waveform 1	1
1075.8515	1075.8607	42656.0	57582.0	0.643	Echolocation	20220826_070000.WAV	99	Waveform 1	1
1076.0175	1076.0264	40937.0	57107.0	0.547	Echolocation	20220826_070000.WAV	100	Waveform 1	1
1076.1985	1076.2062	40937.0	51351.0	0.516	Echolocation	20220826_070000.WAV	101	Waveform 1	1
1076.3865	1076.3936	40937.0	52036.0	0.595	Echolocation	20220826_070000.WAV	102	Waveform 1	1
1076.4775	1076.4851	41796.0	49344.0	0.549	Echolocation	20220826_070000.WAV	103	Waveform 1	1
1076.5655	1076.5739	41796.0	46788.0	0.529	Echolocation	20220826_070000.WAV	104	Waveform 1	1
1077.7335	1077.7415	40937.0	65363.0	0.507	Echolocation	20220826_070000.WAV	105	Waveform 1	1
1077.8465	1077.854	42656.0	67199.0	0.514	Echolocation	20220826_070000.WAV	106	Waveform 1	1
1077.9295	1077.9389	41796.0	66179.0	0.534	Echolocation	20220826_070000.WAV	107	Waveform 1	1
1078.0175	1078.0252	41796.0	68103.0	0.511	Echolocation	20220826_070000.WAV	108	Waveform 1	1
1078.1085	1078.116	41796.0	59678.0	0.526	Echolocation	20220826_070000.WAV	109	Waveform 1	1
1078.4575	1078.4655	41796.0	67829.0	0.543	Echolocation	20220826_070000.WAV	110	Waveform 1	1
1078.6015	1078.6084	42656.0	69460.0	0.511	Echolocation	20220826_070000.WAV	111	Waveform 1	1
1078.6885	1078.6954	40078.0	76870.0	0.5	Echolocation	20220826_070000.WAV	112	Waveform 1	1
1078.7845	1078.7918	41796.0	56569.0	0.532	Echolocation	20220826_070000.WAV	113	Waveform 1	1
1078.8645	1078.8707	40078.0	64773.0	0.521	Echolocation	20220826_070000.WAV	114	Waveform 1	1
1079.0265	1079.0324	40937.0	71313.0	0.515	Echolocation	20220826_070000.WAV	115	Waveform 1	1
1079.2985	1079.3076	42656.0	66921.0	0.625	Echolocation	20220826_070000.WAV	116	Waveform 1	1
1079.3875	1079.3952	42656.0	65959.0	0.539	Echolocation	20220826_070000.WAV	117	Waveform 1	1
1079.7525	1079.7587	43515.0	58903.0	0.623	Echolocation	20220826_070000.WAV	118	Waveform 1	1
1079.8165	1079.8221	40937.0	61451.0	0.53	Echolocation	20220826_070000.WAV	119	Waveform 1	1
1080.2095	1080.2184	40937.0	65265.0	0.518	Echolocation	20220826_070000.WAV	1	Waveform 1	1
1080.2835	1080.2898	39218.0	61465.0	0.523	Echolocation	20220826_070000.WAV	2	Waveform 1	1
1080.9225	1080.9298	42656.0	56803.0	0.576	Echolocation	20220826_070000.WAV	3	Waveform 1	1
1081.0785	1081.0872	40937.0	68714.0	0.555	Echolocation	20220826_070000.WAV	4	Waveform 1	1
1081.1685	1081.176	38359.0	56618.0	0.508	Echolocation	20220826_070000.WAV	5	Waveform 1	1
1081.2845	1081.2957	42656.0	63100.0	0.512	Echolocation	20220826_070000.WAV	6	Waveform 1	1
1081.4655	1081.4728	40937.0	55631.0	0.517	Echolocation	20220826_070000.WAV	7	Waveform 1	1
1081.6495	1081.6587	40937.0	59162.0	0.554	Echolocation	20220826_070000.WAV	8	Waveform 1	1
1082.5025	1082.5105	43515.0	56015.0	0.593	Echolocation	20220826_070000.WAV	9	Waveform 1	1
1082.5675	1082.5747	42656.0	58661.0	0.502	Echolocation	20220826_070000.WAV	10	Waveform 1	1
1082.9205	1082.9286	42656.0	60809.0	0.657	Echolocation	20220826_070000.WAV	11	Waveform 1	1
1083.1015	1083.1097	42656.0	60648.0	0.648	Echolocation	20220826_070000.WAV	12	Waveform 1	1
1083.6505	1083.6603	43515.0	56990.0	0.519	Echolocation	20220826_070000.WAV	13	Waveform 1	1
1083.7495	1083.7576	40937.0	52840.0	0.542	Echolocation	20220826_070000.WAV	14	Waveform 1	1
1084.0415	1084.0515	40078.0	62968.0	0.584	Echolocation	20220826_070000.WAV	15	Waveform 1	1
1084.1425	1084.1504	40937.0	53220.0	0.594	Echolocation	20220826_070000.WAV	16	Waveform 1	1
1084.2425	1084.2512	40937.0	56667.0	0.573	Echolocation	20220826_070000.WAV	17	Waveform 1	1
1084.3385	1084.3474	40937.0	54677.0	0.555	Echolocation	20220826_070000.WAV	18	Waveform 1	1
1084.4315	1084.4398	40078.0	59293.0	0.508	Echolocation	20220826_070000.WAV	19	Waveform 1	1
1084.5215	1084.5284	40078.0	61226.0	0.562	Echolocation	20220826_070000.WAV	20	Waveform 1	1
1084.6145	1084.6228	41796.0	55725.0	0.632	Echolocation	20220826_070000.WAV	21	Waveform 1	1
1084.7825	1084.7914	40937.0	58091.0	0.564	Echolocation	20220826_070000.WAV	22	Waveform 1	1
1085.1205	1085.1284	42656.0	60015.0	0.649	Echolocation	20220826_070000.WAV	23	Waveform 1	1
1086.0395	1086.0471	43515.0	56493.0	0.673	Echolocation	20220826_070000.WAV	24	Waveform 1	1
1086.1095	1086.1179	40937.0	56498.0	0.513	Echolocation	20220826_070000.WAV	25	Waveform 1	1
1086.1915	1086.2004	41796.0	60758.0	0.563	Echolocation	20220826_070000.WAV	26	Waveform 1	1
1086.3785	1086.3875	41796.0	57690.0	0.59	Echolocation	20220826_070000.WAV	27	Waveform 1	1
1086.4785	1086.4852	42656.0	53422.0	0.62	Echolocation	20220826_070000.WAV	28	Waveform 1	1
1087.1525	1087.1595	41796.0	57188.0	0.55	Echolocation	20220826_070000.WAV	29	Waveform 1	1
1087.3195	1087.3285	40078.0	54118.0	0.595	Echolocation	20220826_070000.WAV	30	Waveform 1	1
1087.5855	1087.5932	40937.0	53571.0	0.58	Echolocation	20220826_070000.WAV	31	Waveform 1	1
1088.3655	1088.3742	42656.0	55242.0	0.588	Echolocation	20220826_070000.WAV	32	Waveform 1	1
1088.4405	1088.4489	40078.0	55610.0	0.543	Echolocation	20220826_070000.WAV	33	Waveform 1	1
1089.4175	1089.4258	41796.0	64414.0	0.532	Echolocation	20220826_070000.WAV	34	Waveform 1	1
1089.6035	1089.611	41796.0	66705.0	0.541	Echolocation	20220826_070000.WAV	35	Waveform 1	1
1089.6935	1089.7024	41796.0	57747.0	0.63	Echolocation	20220826_070000.WAV	36	Waveform 1	1
1090.0605	1090.0684	41796.0	52494.0	0.611	Echolocation	20220826_070000.WAV	37	Waveform 1	1
1090.1435	1090.1514	40937.0	52854.0	0.576	Echolocation	20220826_070000.WAV	38	Waveform 1	1
1090.7635	1090.7717	41796.0	53456.0	0.623	Echolocation	20220826_070000.WAV	39	Waveform 1	1
1090.9415	1090.9494	40937.0	56203.0	0.561	Echolocation	20220826_070000.WAV	40	Waveform 1	1
1091.0315	1091.0396	41796.0	54519.0	0.581	Echolocation	20220826_070000.WAV	41	Waveform 1	1
1091.1995	1091.2075	41796.0	55276.0	0.521	Echolocation	20220826_070000.WAV	42	Waveform 1	1
1092.0515	1092.0582	41796.0	51735.0	0.577	Echolocation	20220826_070000.WAV	43	Waveform 1	1
1092.2165	1092.2225	40937.0	50294.0	0.586	Echolocation	20220826_070000.WAV	44	Waveform 1	1
1092.6285	1092.635	41796.0	53622.0	0.639	Echolocation	20220826_070000.WAV	45	Waveform 1	1
1093.1945	1093.2026	40937.0	49805.0	0.587	Echolocation	20220826_070000.WAV	46	Waveform 1	1
1093.4595	1093.4662	42656.0	53096.0	0.604	Echolocation	20220826_070000.WAV	47	Waveform 1	1
1093.6505	1093.6581	41796.0	54558.0	0.647	Echolocation	20220826_070000.WAV	48	Waveform 1	1
1094.3965	1094.4041	40937.0	52160.0	0.524	Echolocation	20220826_070000.WAV	49	Waveform 1	1
1094.6745	1094.6812	43515.0	54980.0	0.676	Echolocation	20220826_070000.WAV	50	Waveform 1	1
1094.7525	1094.7601	42656.0	53943.0	0.57	Echolocation	20220826_070000.WAV	51	Waveform 1	1
1094.8465	1094.854	41796.0	57403.0	0.523	Echolocation	20220826_070000.WAV	52	Waveform 1	1
1094.9435	1094.9515	41796.0	54820.0	0.531	Echolocation	20220826_070000.WAV	53	Waveform 1	1
1095.0405	1095.0503	40937.0	55573.0	0.575	Echolocation	20220826_070000.WAV	54	Waveform 1	1
1095.3275	1095.3364	40937.0	49242.0	0.62	Echolocation	20220826_070000.WAV	55	Waveform 1	1
1095.4195	1095.428	41796.0	57455.0	0.506	Echolocation	20220826_070000.WAV	56	Waveform 1	1
1095.7055	1095.7143	40078.0	55455.0	0.519	Echolocation	20220826_070000.WAV	57	Waveform 1	1
1096.3715	1096.3806	41796.0	47487.0	0.537	Echolocation	20220826_070000.WAV	58	Waveform 1	1
1104.4405	1104.4484	42656.0	49500.0	0.525	Echolocation	20220826_070000.WAV	59	Waveform 1	1
1104.5345	1104.5417	43515.0	51582.0	0.612	Echolocation	20220826_070000.WAV	60	Waveform 1	1
1104.6295	1104.6375	43515.0	52487.0	0.592	Echolocation	20220826_070000.WAV	61	Waveform 1	1
1104.7295	1104.7372	42656.0	51446.0	0.536	Echolocation	20220826_070000.WAV	62	Waveform 1	1
1104.8265	1104.8341	43515.0	51920.0	0.578	Echolocation	20220826_070000.WAV	63	Waveform 1	1
1104.9185	1104.9262	43515.0	51335.0	0.541	Echolocation	20220826_070000.WAV	64	Waveform 1	1
1105.0965	1105.103	43515.0	51491.0	0.614	Echolocation	20220826_070000.WAV	65	Waveform 1	1
1106.1445	1106.1533	40937.0	47786.0	0.535	Echolocation	20220826_070000.WAV	66	Waveform 1	1
1108.4725	1108.4793	42656.0	49639.0	0.558	Echolocation	20220826_070000.WAV	67	Waveform 1	1
1108.5485	1108.5558	42656.0	51126.0	0.528	Echolocation	20220826_070000.WAV	68	Waveform 1	1
1108.7085	1108.7164	41796.0	47886.0	0.565	Echolocation	20220826_070000.WAV	69	Waveform 1	1
1108.7945	1108.8026	41796.0	54037.0	0.568	Echolocation	20220826_070000.WAV	70	Waveform 1	1
1108.8895	1108.8967	43515.0	50203.0	0.549	Echolocation	20220826_070000.WAV	71	Waveform 1	1
1109.2265	1109.2344	42656.0	51998.0	0.523	Echolocation	20220826_070000.WAV	72	Waveform 1	1
1109.3225	1109.3317	41796.0	50060.0	0.525	Echolocation	20220826_070000.WAV	73	Waveform 1	1
1109.6105	1109.6192	40937.0	50571.0	0.615	Echolocation	20220826_070000.WAV	74	Waveform 1	1
1110.8245	1110.8329	40078.0	47406.0	0.508	Echolocation	20220826_070000.WAV	1	Waveform 1	1
1111.2735	1111.2837	39218.0	45574.0	0.506	Echolocation	20220826_070000.WAV	2	Waveform 1	1
1111.5395	1111.5484	39218.0	47268.0	0.598	Echolocation	20220826_070000.WAV	3	Waveform 1	1
1111.6505	1111.6589	40078.0	50542.0	0.696	Echolocation	20220826_070000.WAV	4	Waveform 1	1
1111.7615	1111.7696	40078.0	48221.0	0.572	Echolocation	20220826_070000.WAV	5	Waveform 1	1
1111.8745	1111.8835	40078.0	51983.0	0.621	Echolocation	20220826_070000.WAV	6	Waveform 1	1
1112.0875	1112.0976	40078.0	52129.0	0.628	Echolocation	20220826_070000.WAV	7	Waveform 1	1
1112.1985	1112.2058	40078.0	51662.0	0.666	Echolocation	20220826_070000.WAV	8	Waveform 1	1
1112.3115	1112.3183	39218.0	50622.0	0.662	Echolocation	20220826_070000.WAV	9	Waveform 1	1
1112.4285	1112.4387	39218.0	52327.0	0.673	Echolocation	20220826_070000.WAV	10	Waveform 1	1
1112.6445	1112.6532	40078.0	50929.0	0.657	Echolocation	20220826_070000.WAV	11	Waveform 1	1
1112.8005	1112.8106	39218.0	55181.0	0.65	Echolocation	20220826_070000.WAV	12	Waveform 1	1
1112.9185	1112.9265	40078.0	47990.0	0.549	Echolocation	20220826_070000.WAV	13	Waveform 1	1
1113.0345	1113.0456	39218.0	56152.0	0.561	Echolocation	20220826_070000.WAV	14	Waveform 1	1
1113.1565	1113.1667	40078.0	50451.0	0.613	Echolocation	20220826_070000.WAV	15	Waveform 1	1
1113.2735	1113.2825	39218.0	54330.0	0.646	Echolocation	20220826_070000.WAV	16	Waveform 1	1
1113.4755	1113.4854	38359.0	54941.0	0.643	Echolocation	20220826_070000.WAV	17	Waveform 1	1
1113.5925	1113.5997	39218.0	46458.0	0.541	Echolocation	20220826_070000.WAV	18	Waveform 1	1
1113.8045	1113.8132	40078.0	49262.0	0.648	Echolocation	20220826_070000.WAV	19	Waveform 1	1
1113.9555	1113.963	38359.0	45420.0	0.517	Echolocation	20220826_070000.WAV	20	Waveform 1	1
1114.0825	1114.0908	40078.0	47307.0	0.549	Echolocation	20220826_070000.WAV	21	Waveform 1	1
1114.1925	1114.202	40937.0	49910.0	0.534	Echolocation	20220826_070000.WAV	22	Waveform 1	1
1115.6395	1115.6463	43515.0	55055.0	0.674	Echolocation	20220826_070000.WAV	23	Waveform 1	1
1115.7745	1115.7821	41796.0	57968.0	0.591	Echolocation	20220826_070000.WAV	24	Waveform 1	1
1115.8715	1115.8792	41796.0	57750.0	0.514	Echolocation	20220826_070000.WAV	25	Waveform 1	1
1115.9645	1115.9728	41796.0	53012.0	0.547	Echolocation	20220826_070000.WAV	26	Waveform 1	1
1116.0625	1116.0706	40937.0	56381.0	0.568	Echolocation	20220826_070000.WAV	27	Waveform 1	1
1116.1645	1116.1718	40078.0	54835.0	0.611	Echolocation	20220826_070000.WAV	28	Waveform 1	1
1116.2715	1116.2791	40937.0	55742.0	0.617	Echolocation	20220826_070000.WAV	29	Waveform 1	1
1116.3805	1116.3888	40078.0	52424.0	0.625	Echolocation	20220826_070000.WAV	30	Waveform 1	1
1116.4925	1116.5004	40078.0	48823.0	0.651	Echolocation	20220826_070000.WAV	31	Waveform 1	1
1116.6935	1116.7027	40078.0	60155.0	0.588	Echolocation	20220826_070000.WAV	32	Waveform 1	1
1116.8075	1116.8152	40937.0	48805.0	0.573	Echolocation	20220826_070000.WAV	33	Waveform 1	1
1117.6955	1117.7023	41796.0	51077.0	0.621	Echolocation	20220826_070000.WAV	34	Waveform 1	1
1117.7965	1117.8042	40937.0	49568.0	0.562	Echolocation	20220826_070000.WAV	35	Waveform 1	1
1117.9205	1117.9288	41796.0	47763.0	0.552	Echolocation	20220826_070000.WAV	36	Waveform 1	1
1119.1595	1119.167	43515.0	50908.0	0.546	Echolocation	20220826_070000.WAV	37	Waveform 1	1
1119.8675	1119.8746	41796.0	49126.0	0.56	Echolocation	20220826_070000.WAV	38	Waveform 1	1
1138.5175	1138.5253	40937.0	48088.0	0.637	Echolocation	20220826_070000.WAV	39	Waveform 1	1
1139.4255	1139.432	42656.0	52333.0	0.527	Echolocation	20220826_070000.WAV	40	Waveform 1	1
1139.6885	1139.6981	40078.0	49230.0	0.569	Echolocation	20220826_070000.WAV	41	Waveform 1	1
1144.1425	1144.1496	41796.0	47991.0	0.526	Echolocation	20220826_070000.WAV	1	Waveform 1	1
1144.3685	1144.3774	40078.0	46230.0	0.506	Echolocation	20220826_070000.WAV	2	Waveform 1	1
1144.5655	1144.5748	40078.0	46609.0	0.516	Echolocation	20220826_070000.WAV	3	Waveform 1	1
1145.3005	1145.3113	43515.0	48239.0	0.524	Echolocation	20220826_070000.WAV	4	Waveform 1	1
1145.6885	1145.6962	42656.0	49116.0	0.555	Echolocation	20220826_070000.WAV	5	Waveform 1	1
1146.7605	1146.7693	41796.0	50069.0	0.604	Echolocation	20220826_070000.WAV	6	Waveform 1	1
1146.8705	1146.8774	41796.0	48959.0	0.536	Echolocation	20220826_070000.WAV	7	Waveform 1	1
1343.0695	1343.0779	40937.0	48205.0	0.511	Echolocation	20220826_070000.WAV	1	Waveform 1	1
1347.9205	1347.9278	40078.0	46066.0	0.523	Echolocation	20220826_070000.WAV	2	Waveform 1	1
1348.0205	1348.0292	39218.0	45882.0	0.565	Echolocation	20220826_070000.WAV	3	Waveform 1	1
1348.1205	1348.1287	39218.0	47906.0	0.656	Echolocation	20220826_070000.WAV	4	Waveform 1	1
1348.2265	1348.2336	39218.0	45367.0	0.539	Echolocation	20220826_070000.WAV	5	Waveform 1	1
1348.4135	1348.4209	38359.0	44776.0	0.545	Echolocation	20220826_070000.WAV	6	Waveform 1	1
1348.6595	1348.668	39218.0	49157.0	0.632	Echolocation	20220826_070000.WAV	7	Waveform 1	1
1356.8995	1356.9079	40078.0	46281.0	0.534	Echolocation	20220826_070000.WAV	1	Waveform 1	1
1357.1995	1357.2088	40078.0	47476.0	0.525	Echolocation	20220826_070000.WAV	2	Waveform 1	1
1358.5425	1358.5517	40078.0	48902.0	0.62	Echolocation	20220826_070000.WAV	3	Waveform 1	1
1358.8355	1358.844	40078.0	46828.0	0.61	Echolocation	20220826_070000.WAV	4	Waveform 1	1
1359.8085	1359.8166	40937.0	49360.0	0.582	Echolocation	20220826_070000.WAV	5	Waveform 1	1
1360.0285	1360.0373	38359.0	47523.0	0.597	Echolocation	20220826_070000.WAV	6	Waveform 1	1
1360.2885	1360.2967	38359.0	45982.0	0.577	Echolocation	20220826_070000.WAV	7	Waveform 1	1
1360.5695	1360.5783	38359.0	47589.0	0.578	Echolocation	20220826_070000.WAV	8	Waveform 1	1
1360.6725	1360.6812	38359.0	48246.0	0.606	Echolocation	20220826_070000.WAV	9	Waveform 1	1
1360.9715	1360.9788	39218.0	47200.0	0.579	Echolocation	20220826_070000.WAV	10	Waveform 1	1
1361.4545	1361.4618	40078.0	48626.0	0.537	Echolocation	20220826_070000.WAV	11	Waveform 1	1
1389.2475	1389.2555	39218.0	47399.0	0.595	Echolocation	20220826_070000.WAV	1	Waveform 1	1
1389.3395	1389.3485	39218.0	47285.0	0.57	Echolocation	20220826_070000.WAV	2	Waveform 1	1
1389.7745	1389.7828	40078.0	48797.0	0.558	Echolocation	20220826_070000.WAV	3	Waveform 1	1
1390.0025	1390.0109	40078.0	50978.0	0.611	Echolocation	20220826_070000.WAV	4	Waveform 1	1
1390.2405	1390.249	41796.0	50438.0	0.532	Echolocation	20220826_070000.WAV	5	Waveform 1	1
1390.3535	1390.3618	40078.0	46319.0	0.565	Echolocation	20220826_070000.WAV	6	Waveform 1	1
1390.5325	1390.5402	40937.0	51174.0	0.667	Echolocation	20220826_070000.WAV	7	Waveform 1	1
1390.7755	1390.7844	40937.0	50212.0	0.6	Echolocation	20220826_070000.WAV	8	Waveform 1	1
1391.1125	1391.1208	39218.0	51159.0	0.657	Echolocation	20220826_070000.WAV	9	Waveform 1	1
1391.3515	1391.3608	39218.0	45942.0	0.549	Echolocation	20220826_070000.WAV	10	Waveform 1	1
1391.5785	1391.5861	40078.0	50811.0	0.685	Echolocation	20220826_070000.WAV	11	Waveform 1	1
1391.6865	1391.6953	40078.0	47121.0	0.546	Echolocation	20220826_070000.WAV	12	Waveform 1	1
1391.9575	1391.9642	40937.0	47678.0	0.623	Echolocation	20220826_070000.WAV	13	Waveform 1	1
1392.0605	1392.0684	40078.0	47781.0	0.59	Echolocation	20220826_070000.WAV	14	Waveform 1	1
1392.2625	1392.2712	39218.0	48904.0	0.643	Echolocation	20220826_070000.WAV	15	Waveform 1	1
1392.5675	1392.5766	39218.0	52202.0	0.666	Echolocation	20220826_070000.WAV	16	Waveform 1	1
1392.9165	1392.9255	39218.0	48807.0	0.625	Echolocation	20220826_070000.WAV	17	Waveform 1	1
1393.0345	1393.0433	38359.0	45011.0	0.539	Echolocation	20220826_070000.WAV	18	Waveform 1	1
1393.2385	1393.247	38359.0	48774.0	0.617	Echolocation	20220826_070000.WAV	19	Waveform 1	1
1393.3485	1393.3592	37500.0	45799.0	0.524	Echolocation	20220826_070000.WAV	20	Waveform 1	1
1393.5845	1393.5921	38359.0	48809.0	0.663	Echolocation	20220826_070000.WAV	21	Waveform 1	1
1402.4575	1402.4661	41796.0	49606.0	0.618	Echolocation	20220826_070000.WAV	22	Waveform 1	1
1402.7325	1402.7392	42656.0	50376.0	0.576	Echolocation	20220826_070000.WAV	23	Waveform 1	1
1403.0325	1403.0418	43515.0	48662.0	0.508	Echolocation	20220826_070000.WAV	24	Waveform 1	1
1403.3395	1403.3489	43515.0	53106.0	0.557	Echolocation	20220826_070000.WAV	25	Waveform 1	1
1403.6455	1403.6553	40937.0	49359.0	0.53	Echolocation	20220826_070000.WAV	26	Waveform 1	1
1403.9565	1403.9633	40937.0	47567.0	0.578	Echolocation	20220826_070000.WAV	27	Waveform 1	1
1433.4885	1433.4967	39218.0	45953.0	0.51	Echolocation	20220826_070000.WAV	1	Waveform 1	1
1465.1055	1465.1133	39218.0	46588.0	0.561	Echolocation	20220826_070000.WAV	1	Waveform 1	1
1465.7155	1465.7238	39218.0	46068.0	0.541	Echolocation	20220826_070000.WAV	2	Waveform 1	1
1466.2985	1466.3059	38359.0	45904.0	0.642	Echolocation	20220826_070000.WAV	3	Waveform 1	1
1466.5795	1466.5883	38359.0	45844.0	0.582	Echolocation	20220826_070000.WAV	4	Waveform 1	1
1467.0685	1467.0763	38359.0	48601.0	0.602	Echolocation	20220826_070000.WAV	5	Waveform 1	1
1467.3525	1467.3605	38359.0	48543.0	0.605	Echolocation	20220826_070000.WAV	6	Waveform 1	1
1467.6455	1467.6538	39218.0	46435.0	0.572	Echolocation	20220826_070000.WAV	7	Waveform 1	1
1468.0435	1468.0518	38359.0	47359.0	0.627	Echolocation	20220826_070000.WAV	8	Waveform 1	1
1468.3475	1468.3548	39218.0	48310.0	0.601	Echolocation	20220826_070000.WAV	9	Waveform 1	1
1468.7285	1468.7365	39218.0	46308.0	0.541	Echolocation	20220826_070000.WAV	10	Waveform 1	1
1624.5685	1624.5749	45234.0	53521.0	0.611	Echolocation	20220826_070000.WAV	1	Waveform 1	1
1624.7505	1624.7575	45234.0	52811.0	0.524	Echolocation	20220826_070000.WAV	2	Waveform 1	1
1625.0405	1625.0472	44375.0	57420.0	0.586	Echolocation	20220826_070000.WAV	3	Waveform 1	1
1625.2565	1625.262	44375.0	52488.0	0.563	Echolocation	20220826_070000.WAV	4	Waveform 1	1
1625.3495	1625.3559	45234.0	53345.0	0.552	Echolocation	20220826_070000.WAV	5	Waveform 1	1
1625.6505	1625.6567	44375.0	51625.0	0.525	Echolocation	20220826_070000.WAV	6	Waveform 1	1
1626.0455	1626.0516	44375.0	52951.0	0.65	Echolocation	20220826_070000.WAV	7	Waveform 1	1
1627.7445	1627.7493	46093.0	57596.0	0.512	Echolocation	20220826_070000.WAV	8	Waveform 1	1
1627.8385	1627.8431	45234.0	55554.0	0.561	Echolocation	20220826_070000.WAV	9	Waveform 1	1
1627.9345	1627.9396	45234.0	57527.0	0.538	Echolocation	20220826_070000.WAV	10	Waveform 1	1
1628.0935	1628.0982	46093.0	60095.0	0.522	Echolocation	20220826_070000.WAV	11	Waveform 1	1
1628.8405	1628.846	45234.0	58874.0	0.599	Echolocation	20220826_070000.WAV	12	Waveform 1	1
1629.0275	1629.033	43515.0	55957.0	0.545	Echolocation	20220826_070000.WAV	13	Waveform 1	1
