Begin Time (s)	End Time (s)	Low Freq (Hz)	High Freq (Hz)	detection_confidence	Annotation	input_file	Selection	View	Channel
36.1145	36.1292	24609.0	28726.0	0.537	Echolocation	20220826_070000.WAV	1.0	Waveform 1	1
42.3425	42.3527	24609.0	30738.0	0.508	Echolocation	20220826_070000.WAV	2.0	Waveform 1	1
43.3335	43.3461	23750.0	30243.0	0.588	Echolocation	20220826_070000.WAV	3.0	Waveform 1	1
44.1175	44.1333	23750.0	28456.0	0.606	Echolocation	20220826_070000.WAV	4.0	Waveform 1	1
44.948499999999996	44.9648	24609.0	28257.0	0.527	Echolocation	20220826_070000.WAV	5.0	Waveform 1	1
46.9075	46.9243	23750.0	28798.0	0.517	Echolocation	20220826_070000.WAV	6.0	Waveform 1	1
95.5155	95.5292	23750.0	28661.0	0.627	Echolocation	20220826_070000.WAV	7.0	Waveform 1	1
103.5535	103.5627	40078.0	50937.0	0.583	Echolocation	20220826_070000.WAV	8.0	Waveform 1	1
103.7245	103.7355	40078.0	47245.0	0.529	Echolocation	20220826_070000.WAV	9.0	Waveform 1	1
103.8435	103.85079999999999	39218.0	48679.0	0.52	Echolocation	20220826_070000.WAV	10.0	Waveform 1	1
104.0155	104.0231	38359.0	49025.0	0.637	Echolocation	20220826_070000.WAV	11.0	Waveform 1	1
104.3145	104.3258	39218.0	47549.0	0.589	Echolocation	20220826_070000.WAV	12.0	Waveform 1	1
104.5675	104.5767	39218.0	48354.0	0.638	Echolocation	20220826_070000.WAV	13.0	Waveform 1	1
104.6945	104.7037	36640.0	44690.0	0.606	Echolocation	20220826_070000.WAV	14.0	Waveform 1	1
104.8515	104.8614	39218.0	46123.0	0.629	Echolocation	20220826_070000.WAV	15.0	Waveform 1	1
104.98949999999999	104.9979	38359.0	44533.0	0.534	Echolocation	20220826_070000.WAV	16.0	Waveform 1	1
105.1325	105.1425	39218.0	46925.0	0.629	Echolocation	20220826_070000.WAV	17.0	Waveform 1	1
105.3945	105.4033	39218.0	46147.0	0.63	Echolocation	20220826_070000.WAV	18.0	Waveform 1	1
105.6745	105.6833	38359.0	48476.0	0.597	Echolocation	20220826_070000.WAV	19.0	Waveform 1	1
106.2205	106.2303	37500.0	44535.0	0.525	Echolocation	20220826_070000.WAV	20.0	Waveform 1	1
108.7435	108.7508	39218.0	51619.0	0.521	Echolocation	20220826_070000.WAV	21.0	Waveform 1	1
109.2075	109.2137	40937.0	50151.0	0.523	Echolocation	20220826_070000.WAV	22.0	Waveform 1	1
118.9435	118.9505	40937.0	51284.0	0.524	Echolocation	20220826_070000.WAV	23.0	Waveform 1	1
119.1435	119.1521	41796.0	51132.0	0.505	Echolocation	20220826_070000.WAV	24.0	Waveform 1	1
119.3095	119.31700000000001	40937.0	55496.0	0.599	Echolocation	20220826_070000.WAV	25.0	Waveform 1	1
119.5815	119.5898	40937.0	49079.0	0.535	Echolocation	20220826_070000.WAV	26.0	Waveform 1	1
119.7705	119.7796	40937.0	54155.0	0.644	Echolocation	20220826_070000.WAV	27.0	Waveform 1	1
119.8075	119.8165	38359.0	47089.0	0.547	Echolocation	20220826_070000.WAV	28.0	Waveform 1	1
119.9465	119.9549	40937.0	52226.0	0.619	Echolocation	20220826_070000.WAV	29.0	Waveform 1	1
120.1805	120.1888	40078.0	49744.0	0.699	Echolocation	20220826_070000.WAV	30.0	Waveform 1	1
120.2685	120.2778	39218.0	46175.0	0.557	Echolocation	20220826_070000.WAV	31.0	Waveform 1	1
120.4435	120.4504	38359.0	48822.0	0.513	Echolocation	20220826_070000.WAV	32.0	Waveform 1	1
120.5375	120.546	39218.0	47206.0	0.545	Echolocation	20220826_070000.WAV	33.0	Waveform 1	1
120.7175	120.7257	38359.0	47007.0	0.61	Echolocation	20220826_070000.WAV	34.0	Waveform 1	1
121.0025	121.0104	38359.0	48969.0	0.676	Echolocation	20220826_070000.WAV	35.0	Waveform 1	1
121.2955	121.3042	40078.0	46088.0	0.536	Echolocation	20220826_070000.WAV	36.0	Waveform 1	1
121.5775	121.586	38359.0	47719.0	0.596	Echolocation	20220826_070000.WAV	37.0	Waveform 1	1
121.8625	121.8704	37500.0	48803.0	0.548	Echolocation	20220826_070000.WAV	38.0	Waveform 1	1
146.9945	147.0031	37500.0	47010.0	0.562	Echolocation	20220826_070000.WAV	39.0	Waveform 1	1
147.2665	147.275	40078.0	46841.0	0.614	Echolocation	20220826_070000.WAV	40.0	Waveform 1	1
147.6385	147.6473	37500.0	49434.0	0.548	Echolocation	20220826_070000.WAV	41.0	Waveform 1	1
148.0085	148.0177	39218.0	49033.0	0.545	Echolocation	20220826_070000.WAV	42.0	Waveform 1	1
159.7485	159.7568	39218.0	48627.0	0.58	Echolocation	20220826_070000.WAV	43.0	Waveform 1	1
159.9505	159.9606	39218.0	44968.0	0.568	Echolocation	20220826_070000.WAV	44.0	Waveform 1	1
160.1305	160.13909999999998	39218.0	48930.0	0.596	Echolocation	20220826_070000.WAV	45.0	Waveform 1	1
160.5315	160.5421	38359.0	47674.0	0.542	Echolocation	20220826_070000.WAV	46.0	Waveform 1	1
170.7985	170.8067	36640.0	47344.0	0.518	Echolocation	20220826_070000.WAV	47.0	Waveform 1	1
205.58350000000002	205.5987	24609.0	28848.0	0.625	Echolocation	20220826_070000.WAV	48.0	Waveform 1	1
205.85750000000002	205.8752	24609.0	28704.0	0.571	Echolocation	20220826_070000.WAV	49.0	Waveform 1	1
206.1505	206.168	23750.0	28571.0	0.563	Echolocation	20220826_070000.WAV	50.0	Waveform 1	1
206.6885	206.7061	24609.0	29017.0	0.553	Echolocation	20220826_070000.WAV	51.0	Waveform 1	1
207.5105	207.5238	25468.0	30415.0	0.71	Echolocation	20220826_070000.WAV	52.0	Waveform 1	1
208.2065	208.2232	24609.0	29334.0	0.528	Echolocation	20220826_070000.WAV	53.0	Waveform 1	1
208.8945	208.9116	24609.0	28853.0	0.581	Echolocation	20220826_070000.WAV	54.0	Waveform 1	1
209.3015	209.3177	23750.0	28906.0	0.56	Echolocation	20220826_070000.WAV	55.0	Waveform 1	1
209.5815	209.5976	23750.0	29165.0	0.587	Echolocation	20220826_070000.WAV	56.0	Waveform 1	1
210.1545	210.1693	23750.0	28466.0	0.609	Echolocation	20220826_070000.WAV	57.0	Waveform 1	1
210.9815	210.9978	23750.0	28902.0	0.609	Echolocation	20220826_070000.WAV	58.0	Waveform 1	1
211.5185	211.5353	23750.0	29856.0	0.534	Echolocation	20220826_070000.WAV	59.0	Waveform 1	1
211.9115	211.9258	23750.0	28724.0	0.582	Echolocation	20220826_070000.WAV	60.0	Waveform 1	1
212.0525	212.0671	24609.0	36623.0	0.652	Echolocation	20220826_070000.WAV	61.0	Waveform 1	1
212.3255	212.3428	24609.0	30000.0	0.505	Echolocation	20220826_070000.WAV	62.0	Waveform 1	1
214.2225	214.2408	24609.0	28120.0	0.542	Echolocation	20220826_070000.WAV	63.0	Waveform 1	1
216.0245	216.0417	23750.0	27957.0	0.617	Echolocation	20220826_070000.WAV	64.0	Waveform 1	1
216.4425	216.4594	23750.0	29127.0	0.55	Echolocation	20220826_070000.WAV	65.0	Waveform 1	1
216.8315	216.8479	23750.0	29355.0	0.522	Echolocation	20220826_070000.WAV	66.0	Waveform 1	1
216.9755	216.9894	24609.0	33041.0	0.613	Echolocation	20220826_070000.WAV	67.0	Waveform 1	1
217.9455	217.9605	23750.0	29942.0	0.559	Echolocation	20220826_070000.WAV	68.0	Waveform 1	1
218.3685	218.3846	24609.0	29007.0	0.567	Echolocation	20220826_070000.WAV	69.0	Waveform 1	1
218.7665	218.7826	24609.0	29293.0	0.545	Echolocation	20220826_070000.WAV	70.0	Waveform 1	1
221.1615	221.1767	23750.0	28774.0	0.564	Echolocation	20220826_070000.WAV	71.0	Waveform 1	1
386.8215	386.8384	24609.0	28891.0	0.544	Echolocation	20220826_070000.WAV	72.0	Waveform 1	1
388.0935	388.1105	24609.0	29706.0	0.547	Echolocation	20220826_070000.WAV	73.0	Waveform 1	1
388.5725	388.588	24609.0	28242.0	0.525	Echolocation	20220826_070000.WAV	74.0	Waveform 1	1
388.8195	388.8371	24609.0	28843.0	0.595	Echolocation	20220826_070000.WAV	75.0	Waveform 1	1
389.6225	389.6372	24609.0	28609.0	0.643	Echolocation	20220826_070000.WAV	76.0	Waveform 1	1
390.0675	390.0843	25468.0	28983.0	0.503	Echolocation	20220826_070000.WAV	77.0	Waveform 1	1
391.4885	391.5025	25468.0	30724.0	0.55	Echolocation	20220826_070000.WAV	78.0	Waveform 1	1
392.6685	392.6872	24609.0	29048.0	0.558	Echolocation	20220826_070000.WAV	79.0	Waveform 1	1
392.8225	392.8408	25468.0	30106.0	0.522	Echolocation	20220826_070000.WAV	80.0	Waveform 1	1
393.1505	393.1679	24609.0	30991.0	0.52	Echolocation	20220826_070000.WAV	81.0	Waveform 1	1
393.3665	393.3814	25468.0	31182.0	0.571	Echolocation	20220826_070000.WAV	82.0	Waveform 1	1
393.7475	393.764	24609.0	29349.0	0.532	Echolocation	20220826_070000.WAV	83.0	Waveform 1	1
394.0105	394.0255	24609.0	29286.0	0.516	Echolocation	20220826_070000.WAV	84.0	Waveform 1	1
394.2765	394.2922	24609.0	28813.0	0.525	Echolocation	20220826_070000.WAV	85.0	Waveform 1	1
394.5485	394.5603	25468.0	30666.0	0.61	Echolocation	20220826_070000.WAV	86.0	Waveform 1	1
397.5935	397.6069	25468.0	30995.0	0.503	Echolocation	20220826_070000.WAV	87.0	Waveform 1	1
397.7955	397.8109	24609.0	28110.0	0.505	Echolocation	20220826_070000.WAV	88.0	Waveform 1	1
398.1635	398.1775	24609.0	30691.0	0.575	Echolocation	20220826_070000.WAV	89.0	Waveform 1	1
398.6575	398.6734	24609.0	29245.0	0.506	Echolocation	20220826_070000.WAV	90.0	Waveform 1	1
398.9415	398.9557	24609.0	29188.0	0.55	Echolocation	20220826_070000.WAV	91.0	Waveform 1	1
399.5055	399.5192	25468.0	29428.0	0.505	Echolocation	20220826_070000.WAV	92.0	Waveform 1	1
402.0505	402.067	25468.0	29327.0	0.533	Echolocation	20220826_070000.WAV	93.0	Waveform 1	1
404.4335	404.4472	23750.0	28782.0	0.625	Echolocation	20220826_070000.WAV	94.0	Waveform 1	1
404.8515	404.8646	25468.0	30448.0	0.555	Echolocation	20220826_070000.WAV	95.0	Waveform 1	1
404.9785	404.9959	23750.0	28307.0	0.545	Echolocation	20220826_070000.WAV	96.0	Waveform 1	1
405.4375	405.4508	25468.0	30184.0	0.501	Echolocation	20220826_070000.WAV	97.0	Waveform 1	1
405.7105	405.7267	24609.0	29166.0	0.514	Echolocation	20220826_070000.WAV	98.0	Waveform 1	1
406.2345	406.2504	23750.0	26737.0	0.667	Echolocation	20220826_070000.WAV	99.0	Waveform 1	1
407.3625	407.3779	24609.0	27260.0	0.529	Echolocation	20220826_070000.WAV	100.0	Waveform 1	1
407.9525	407.9676	23750.0	27043.0	0.709	Echolocation	20220826_070000.WAV	101.0	Waveform 1	1
408.6255	408.6407	23750.0	28807.0	0.525	Echolocation	20220826_070000.WAV	102.0	Waveform 1	1
409.5865	409.6027	23750.0	27590.0	0.655	Echolocation	20220826_070000.WAV	103.0	Waveform 1	1
411.2575	411.2717	23750.0	28328.0	0.577	Echolocation	20220826_070000.WAV	104.0	Waveform 1	1
411.9155	411.9288	24609.0	29023.0	0.632	Echolocation	20220826_070000.WAV	105.0	Waveform 1	1
412.9285	412.9416	23750.0	30311.0	0.596	Echolocation	20220826_070000.WAV	106.0	Waveform 1	1
413.1225	413.1358	24609.0	29593.0	0.641	Echolocation	20220826_070000.WAV	107.0	Waveform 1	1
414.1075	414.1227	23750.0	27567.0	0.721	Echolocation	20220826_070000.WAV	108.0	Waveform 1	1
414.85450000000003	414.8692	23750.0	27429.0	0.647	Echolocation	20220826_070000.WAV	109.0	Waveform 1	1
415.0545	415.0697	23750.0	28274.0	0.623	Echolocation	20220826_070000.WAV	110.0	Waveform 1	1
415.8495	415.864	23750.0	28985.0	0.627	Echolocation	20220826_070000.WAV	111.0	Waveform 1	1
417.3065	417.3196	24609.0	28198.0	0.507	Echolocation	20220826_070000.WAV	112.0	Waveform 1	1
418.0855	418.1	23750.0	28046.0	0.646	Echolocation	20220826_070000.WAV	113.0	Waveform 1	1
418.7575	418.7723	23750.0	28307.0	0.69	Echolocation	20220826_070000.WAV	114.0	Waveform 1	1
419.7095	419.7251	22890.0	27545.0	0.589	Echolocation	20220826_070000.WAV	115.0	Waveform 1	1
421.7155	421.7315	22890.0	27234.0	0.644	Echolocation	20220826_070000.WAV	116.0	Waveform 1	1
463.8995	463.9157	24609.0	28275.0	0.503	Echolocation	20220826_070000.WAV	117.0	Waveform 1	1
470.6865	470.6936	36640.0	51837.0	0.538	Echolocation	20220826_070000.WAV	118.0	Waveform 1	1
470.7885	470.796	36640.0	47827.0	0.521	Echolocation	20220826_070000.WAV	119.0	Waveform 1	1
470.8845	470.8926	37500.0	46209.0	0.527	Echolocation	20220826_070000.WAV	120.0	Waveform 1	1
471.6015	471.6105	38359.0	48170.0	0.582	Echolocation	20220826_070000.WAV	121.0	Waveform 1	1
484.6745	484.6889	25468.0	30048.0	0.583	Echolocation	20220826_070000.WAV	122.0	Waveform 1	1
485.2415	485.2544	24609.0	28885.0	0.54	Echolocation	20220826_070000.WAV	123.0	Waveform 1	1
485.7915	485.8082	25468.0	29315.0	0.53	Echolocation	20220826_070000.WAV	124.0	Waveform 1	1
485.9555	485.9725	24609.0	28163.0	0.57	Echolocation	20220826_070000.WAV	125.0	Waveform 1	1
486.2355	486.2522	24609.0	29418.0	0.567	Echolocation	20220826_070000.WAV	126.0	Waveform 1	1
516.3675	516.3751	39218.0	52465.0	0.579	Echolocation	20220826_070000.WAV	127.0	Waveform 1	1
516.5415	516.5491	37500.0	49749.0	0.57	Echolocation	20220826_070000.WAV	128.0	Waveform 1	1
516.8035	516.8121	38359.0	49644.0	0.579	Echolocation	20220826_070000.WAV	129.0	Waveform 1	1
516.9035	516.9121	38359.0	47375.0	0.561	Echolocation	20220826_070000.WAV	130.0	Waveform 1	1
517.0895	517.0981	39218.0	48319.0	0.582	Echolocation	20220826_070000.WAV	131.0	Waveform 1	1
517.1845	517.1924	37500.0	47664.0	0.581	Echolocation	20220826_070000.WAV	132.0	Waveform 1	1
517.3495	517.3567	35781.0	51551.0	0.558	Echolocation	20220826_070000.WAV	133.0	Waveform 1	1
517.4425	517.4489	36640.0	47882.0	0.535	Echolocation	20220826_070000.WAV	134.0	Waveform 1	1
517.6045	517.6128	39218.0	49076.0	0.591	Echolocation	20220826_070000.WAV	135.0	Waveform 1	1
518.2145	518.2221	39218.0	46659.0	0.504	Echolocation	20220826_070000.WAV	136.0	Waveform 1	1
631.8015	631.8175	23750.0	27117.0	0.593	Echolocation	20220826_070000.WAV	137.0	Waveform 1	1
634.0645	634.0792	23750.0	27445.0	0.66	Echolocation	20220826_070000.WAV	138.0	Waveform 1	1
635.5005	635.5173	22890.0	26391.0	0.592	Echolocation	20220826_070000.WAV	139.0	Waveform 1	1
639.9625	639.9808	22031.0	26461.0	0.608	Echolocation	20220826_070000.WAV	140.0	Waveform 1	1
692.1135	692.1322	24609.0	28317.0	0.535	Echolocation	20220826_070000.WAV	141.0	Waveform 1	1
692.6635	692.6811	24609.0	28639.0	0.507	Echolocation	20220826_070000.WAV	142.0	Waveform 1	1
696.5465	696.5634	24609.0	27587.0	0.58	Echolocation	20220826_070000.WAV	143.0	Waveform 1	1
697.3745	697.3919	24609.0	28112.0	0.542	Echolocation	20220826_070000.WAV	144.0	Waveform 1	1
697.6615	697.6781	24609.0	28014.0	0.508	Echolocation	20220826_070000.WAV	145.0	Waveform 1	1
699.0115	699.0272	24609.0	28671.0	0.549	Echolocation	20220826_070000.WAV	146.0	Waveform 1	1
699.3545	699.3681	23750.0	28453.0	0.533	Echolocation	20220826_070000.WAV	147.0	Waveform 1	1
700.8175	700.834	24609.0	28939.0	0.547	Echolocation	20220826_070000.WAV	148.0	Waveform 1	1
701.4545	701.4679	24609.0	29430.0	0.521	Echolocation	20220826_070000.WAV	149.0	Waveform 1	1
720.3715	720.3788	38359.0	47757.0	0.526	Echolocation	20220826_070000.WAV	150.0	Waveform 1	1
746.3265	746.3484	21171.0	23733.0	0.628	Echolocation	20220826_070000.WAV	151.0	Waveform 1	1
879.2345	879.2498	24609.0	28810.0	0.543	Echolocation	20220826_070000.WAV	152.0	Waveform 1	1
881.6605	881.6747	24609.0	28772.0	0.569	Echolocation	20220826_070000.WAV	153.0	Waveform 1	1
899.6835	899.6964	23750.0	28328.0	0.508	Echolocation	20220826_070000.WAV	154.0	Waveform 1	1
978.6535	978.6688	24609.0	31011.0	0.576	Echolocation	20220826_070000.WAV	155.0	Waveform 1	1
979.4665	979.4862	23750.0	28227.0	0.505	Echolocation	20220826_070000.WAV	156.0	Waveform 1	1
981.3435	981.3591	24609.0	28990.0	0.546	Echolocation	20220826_070000.WAV	157.0	Waveform 1	1
1145.0405	1145.0503	40078.0	50905.0	0.655	Echolocation	20220826_070000.WAV	158.0	Waveform 1	1
1145.2255	1145.2368	38359.0	51420.0	0.653	Echolocation	20220826_070000.WAV	159.0	Waveform 1	1
1145.5085	1145.5206	39218.0	53800.0	0.631	Echolocation	20220826_070000.WAV	160.0	Waveform 1	1
1145.6185	1145.6285	38359.0	44058.0	0.569	Echolocation	20220826_070000.WAV	161.0	Waveform 1	1
1145.8035	1145.814	38359.0	53784.0	0.706	Echolocation	20220826_070000.WAV	162.0	Waveform 1	1
1145.9085	1145.9204	39218.0	54698.0	0.712	Echolocation	20220826_070000.WAV	163.0	Waveform 1	1
1146.1005	1146.1108	37500.0	49254.0	0.641	Echolocation	20220826_070000.WAV	164.0	Waveform 1	1
1146.1885	1146.1991	39218.0	53451.0	0.682	Echolocation	20220826_070000.WAV	165.0	Waveform 1	1
1146.3755	1146.386	38359.0	52552.0	0.621	Echolocation	20220826_070000.WAV	166.0	Waveform 1	1
1146.5495	1146.5587	38359.0	51572.0	0.7	Echolocation	20220826_070000.WAV	167.0	Waveform 1	1
1146.6515	1146.6605	38359.0	44774.0	0.66	Echolocation	20220826_070000.WAV	168.0	Waveform 1	1
1146.8385	1146.8493	39218.0	50596.0	0.63	Echolocation	20220826_070000.WAV	169.0	Waveform 1	1
1146.9375	1146.9482	39218.0	51841.0	0.652	Echolocation	20220826_070000.WAV	170.0	Waveform 1	1
1147.0465	1147.0555	37500.0	43932.0	0.595	Echolocation	20220826_070000.WAV	171.0	Waveform 1	1
1147.2355	1147.2448	39218.0	49784.0	0.699	Echolocation	20220826_070000.WAV	172.0	Waveform 1	1
1147.5385	1147.5493	39218.0	49061.0	0.555	Echolocation	20220826_070000.WAV	173.0	Waveform 1	1
1150.2715	1150.2812	39218.0	47420.0	0.632	Echolocation	20220826_070000.WAV	174.0	Waveform 1	1
1150.6745	1150.6858	38359.0	47002.0	0.636	Echolocation	20220826_070000.WAV	175.0	Waveform 1	1
1151.2805	1151.2911	39218.0	48278.0	0.7	Echolocation	20220826_070000.WAV	176.0	Waveform 1	1
1151.5705	1151.5815	40078.0	47763.0	0.523	Echolocation	20220826_070000.WAV	177.0	Waveform 1	1
1151.7985	1151.809	39218.0	45765.0	0.507	Echolocation	20220826_070000.WAV	178.0	Waveform 1	1
1151.8925	1151.9018	39218.0	47335.0	0.681	Echolocation	20220826_070000.WAV	179.0	Waveform 1	1
1152.0475	1152.0549	40078.0	48318.0	0.649	Echolocation	20220826_070000.WAV	180.0	Waveform 1	1
1152.0995	1152.1086	39218.0	48103.0	0.673	Echolocation	20220826_070000.WAV	181.0	Waveform 1	1
1152.1795	1152.1889	39218.0	46403.0	0.598	Echolocation	20220826_070000.WAV	182.0	Waveform 1	1
1152.3485	1152.3561	40937.0	48874.0	0.589	Echolocation	20220826_070000.WAV	183.0	Waveform 1	1
1152.3955	1152.406	39218.0	46254.0	0.693	Echolocation	20220826_070000.WAV	184.0	Waveform 1	1
1152.4615	1152.4709	40078.0	47876.0	0.638	Echolocation	20220826_070000.WAV	185.0	Waveform 1	1
1152.6435	1152.6513	40937.0	49696.0	0.617	Echolocation	20220826_070000.WAV	186.0	Waveform 1	1
1152.7405	1152.7491	39218.0	48371.0	0.618	Echolocation	20220826_070000.WAV	187.0	Waveform 1	1
1152.8525	1152.8619	39218.0	46160.0	0.57	Echolocation	20220826_070000.WAV	188.0	Waveform 1	1
1153.2735	1153.2827	40078.0	47632.0	0.555	Echolocation	20220826_070000.WAV	189.0	Waveform 1	1
1153.8195	1153.8284	39218.0	47305.0	0.661	Echolocation	20220826_070000.WAV	190.0	Waveform 1	1
1153.9215	1153.9304	40078.0	48596.0	0.547	Echolocation	20220826_070000.WAV	191.0	Waveform 1	1
1154.0235	1154.0332	40078.0	50562.0	0.614	Echolocation	20220826_070000.WAV	192.0	Waveform 1	1
1154.3425	1154.3516	39218.0	48698.0	0.608	Echolocation	20220826_070000.WAV	193.0	Waveform 1	1
1154.7425	1154.7494	40937.0	47110.0	0.559	Echolocation	20220826_070000.WAV	194.0	Waveform 1	1
1155.0625	1155.0704	40078.0	49463.0	0.6	Echolocation	20220826_070000.WAV	195.0	Waveform 1	1
1155.2925	1155.3	40078.0	46270.0	0.509	Echolocation	20220826_070000.WAV	196.0	Waveform 1	1
1155.4885	1155.4969	39218.0	48062.0	0.602	Echolocation	20220826_070000.WAV	197.0	Waveform 1	1
1155.5575	1155.5688	39218.0	45812.0	0.598	Echolocation	20220826_070000.WAV	198.0	Waveform 1	1
1155.7185	1155.7275	40078.0	48780.0	0.617	Echolocation	20220826_070000.WAV	199.0	Waveform 1	1
1155.8515	1155.8598	39218.0	45352.0	0.542	Echolocation	20220826_070000.WAV	200.0	Waveform 1	1
1155.9205	1155.9294	39218.0	49896.0	0.638	Echolocation	20220826_070000.WAV	201.0	Waveform 1	1
1156.0175	1156.0264	40078.0	50798.0	0.617	Echolocation	20220826_070000.WAV	202.0	Waveform 1	1
1156.1375	1156.1471	40078.0	49645.0	0.656	Echolocation	20220826_070000.WAV	203.0	Waveform 1	1
1156.2015	1156.2078	40937.0	51501.0	0.553	Echolocation	20220826_070000.WAV	204.0	Waveform 1	1
1156.3515	1156.3573	40078.0	53706.0	0.514	Echolocation	20220826_070000.WAV	205.0	Waveform 1	1
1156.9305	1156.9369	41796.0	50795.0	0.565	Echolocation	20220826_070000.WAV	206.0	Waveform 1	1
1156.9995	1157.0074	40078.0	50891.0	0.672	Echolocation	20220826_070000.WAV	207.0	Waveform 1	1
1157.0835	1157.0918	39218.0	53740.0	0.617	Echolocation	20220826_070000.WAV	208.0	Waveform 1	1
1157.1775	1157.1857	40078.0	50280.0	0.534	Echolocation	20220826_070000.WAV	209.0	Waveform 1	1
1157.3115	1157.3194	40078.0	51296.0	0.67	Echolocation	20220826_070000.WAV	210.0	Waveform 1	1
1157.4105	1157.4186	40078.0	50109.0	0.638	Echolocation	20220826_070000.WAV	211.0	Waveform 1	1
1157.5845	1157.5923	40078.0	49292.0	0.674	Echolocation	20220826_070000.WAV	212.0	Waveform 1	1
1157.8915	1157.9009	38359.0	46778.0	0.582	Echolocation	20220826_070000.WAV	213.0	Waveform 1	1
1158.1875	1158.1967	38359.0	46280.0	0.571	Echolocation	20220826_070000.WAV	214.0	Waveform 1	1
1159.1275	1159.1357	40078.0	48348.0	0.524	Echolocation	20220826_070000.WAV	215.0	Waveform 1	1
1159.4335	1159.4431	39218.0	47902.0	0.589	Echolocation	20220826_070000.WAV	216.0	Waveform 1	1
1159.5415	1159.5507	40078.0	46289.0	0.553	Echolocation	20220826_070000.WAV	217.0	Waveform 1	1
1159.7365	1159.7458	40078.0	48493.0	0.638	Echolocation	20220826_070000.WAV	218.0	Waveform 1	1
1159.8345	1159.8436	40078.0	48520.0	0.562	Echolocation	20220826_070000.WAV	219.0	Waveform 1	1
1159.9405	1159.9496	39218.0	47615.0	0.574	Echolocation	20220826_070000.WAV	220.0	Waveform 1	1
1160.0465	1160.0554	39218.0	47011.0	0.624	Echolocation	20220826_070000.WAV	221.0	Waveform 1	1
1160.3035	1160.313	40078.0	48229.0	0.639	Echolocation	20220826_070000.WAV	222.0	Waveform 1	1
1160.4105	1160.4196	39218.0	47130.0	0.582	Echolocation	20220826_070000.WAV	223.0	Waveform 1	1
1160.6015	1160.6101	40937.0	50005.0	0.605	Echolocation	20220826_070000.WAV	224.0	Waveform 1	1
1160.7095	1160.7187	40078.0	46721.0	0.614	Echolocation	20220826_070000.WAV	225.0	Waveform 1	1
1160.9165	1160.925	40078.0	48779.0	0.63	Echolocation	20220826_070000.WAV	226.0	Waveform 1	1
1161.0305	1161.0405	40078.0	51601.0	0.619	Echolocation	20220826_070000.WAV	227.0	Waveform 1	1
1161.2185	1161.2275	40937.0	53206.0	0.668	Echolocation	20220826_070000.WAV	228.0	Waveform 1	1
1161.3245	1161.334	40078.0	49647.0	0.635	Echolocation	20220826_070000.WAV	229.0	Waveform 1	1
1161.4305	1161.4389	40937.0	52633.0	0.598	Echolocation	20220826_070000.WAV	230.0	Waveform 1	1
1161.6525	1161.6607	41796.0	49252.0	0.535	Echolocation	20220826_070000.WAV	231.0	Waveform 1	1
1161.7575	1161.7667	39218.0	46391.0	0.552	Echolocation	20220826_070000.WAV	232.0	Waveform 1	1
1161.9345	1161.9435	40937.0	54104.0	0.654	Echolocation	20220826_070000.WAV	233.0	Waveform 1	1
1162.0505	1162.0593	40078.0	48853.0	0.628	Echolocation	20220826_070000.WAV	234.0	Waveform 1	1
1162.4805	1162.4898	40937.0	49049.0	0.5	Echolocation	20220826_070000.WAV	235.0	Waveform 1	1
1162.5865	1162.5949	39218.0	45047.0	0.532	Echolocation	20220826_070000.WAV	236.0	Waveform 1	1
1162.6965	1162.7059	40078.0	49421.0	0.553	Echolocation	20220826_070000.WAV	237.0	Waveform 1	1
1163.0025	1163.0116	40078.0	48688.0	0.586	Echolocation	20220826_070000.WAV	238.0	Waveform 1	1
1163.2175	1163.2275	39218.0	47128.0	0.578	Echolocation	20220826_070000.WAV	239.0	Waveform 1	1
1180.4675	1180.4765	39218.0	46100.0	0.536	Echolocation	20220826_070000.WAV	240.0	Waveform 1	1
1181.9485	1181.9568	39218.0	46166.0	0.581	Echolocation	20220826_070000.WAV	241.0	Waveform 1	1
1182.0395	1182.0481	39218.0	48528.0	0.537	Echolocation	20220826_070000.WAV	242.0	Waveform 1	1
1182.1525	1182.1622	39218.0	45358.0	0.505	Echolocation	20220826_070000.WAV	243.0	Waveform 1	1
1182.2575	1182.2666	39218.0	47224.0	0.623	Echolocation	20220826_070000.WAV	244.0	Waveform 1	1
1182.4675	1182.4755	38359.0	45200.0	0.596	Echolocation	20220826_070000.WAV	245.0	Waveform 1	1
1182.5755	1182.5852	39218.0	48193.0	0.594	Echolocation	20220826_070000.WAV	246.0	Waveform 1	1
1182.6825	1182.6905	39218.0	44955.0	0.51	Echolocation	20220826_070000.WAV	247.0	Waveform 1	1
1183.0755	1183.0851	39218.0	47011.0	0.557	Echolocation	20220826_070000.WAV	248.0	Waveform 1	1
1212.3545	1212.3642	40078.0	52412.0	0.51	Echolocation	20220826_070000.WAV	249.0	Waveform 1	1
1212.6515	1212.66	39218.0	44981.0	0.517	Echolocation	20220826_070000.WAV	250.0	Waveform 1	1
1240.3275	1240.3346	40078.0	47818.0	0.514	Echolocation	20220826_070000.WAV	251.0	Waveform 1	1
1242.8005	1242.8091	39218.0	45487.0	0.554	Echolocation	20220826_070000.WAV	252.0	Waveform 1	1
1297.7005	1297.7054	41796.0	56886.0	0.521	Echolocation	20220826_070000.WAV	253.0	Waveform 1	1
1297.7565	1297.7621	42656.0	55544.0	0.53	Echolocation	20220826_070000.WAV	254.0	Waveform 1	1
1298.0255	1298.0299	40937.0	61126.0	0.52	Echolocation	20220826_070000.WAV	255.0	Waveform 1	1
1298.4135	1298.4182	41796.0	58032.0	0.614	Echolocation	20220826_070000.WAV	256.0	Waveform 1	1
1298.5495	1298.5542	40078.0	55197.0	0.507	Echolocation	20220826_070000.WAV	257.0	Waveform 1	1
1298.6065	1298.6112	40078.0	58147.0	0.539	Echolocation	20220826_070000.WAV	258.0	Waveform 1	1
1298.7915	1298.7963	40078.0	60069.0	0.509	Echolocation	20220826_070000.WAV	259.0	Waveform 1	1
1298.9475	1298.9513	39218.0	59589.0	0.505	Echolocation	20220826_070000.WAV	260.0	Waveform 1	1
1299.0005	1299.0049	40078.0	61108.0	0.542	Echolocation	20220826_070000.WAV	261.0	Waveform 1	1
1299.1235	1299.1276	41796.0	56697.0	0.51	Echolocation	20220826_070000.WAV	262.0	Waveform 1	1
1299.3535	1299.3579	40937.0	56846.0	0.582	Echolocation	20220826_070000.WAV	263.0	Waveform 1	1
1299.4125	1299.4173	36640.0	66317.0	0.591	Echolocation	20220826_070000.WAV	264.0	Waveform 1	1
1299.6725	1299.6782	39218.0	56982.0	0.508	Echolocation	20220826_070000.WAV	265.0	Waveform 1	1
1299.8395	1299.8435	37500.0	62934.0	0.502	Echolocation	20220826_070000.WAV	266.0	Waveform 1	1
1299.8975	1299.9028	36640.0	64018.0	0.545	Echolocation	20220826_070000.WAV	267.0	Waveform 1	1
1299.9835	1299.9887	35781.0	61970.0	0.502	Echolocation	20220826_070000.WAV	268.0	Waveform 1	1
1300.2645	1300.2685	40078.0	55251.0	0.508	Echolocation	20220826_070000.WAV	269.0	Waveform 1	1
1300.5925	1300.5967	40937.0	51841.0	0.508	Echolocation	20220826_070000.WAV	270.0	Waveform 1	1
1300.8045	1300.8083	39218.0	59026.0	0.525	Echolocation	20220826_070000.WAV	271.0	Waveform 1	1
1300.9475	1300.9513	37500.0	59752.0	0.518	Echolocation	20220826_070000.WAV	272.0	Waveform 1	1
1301.0055	1301.0098	40078.0	59653.0	0.524	Echolocation	20220826_070000.WAV	273.0	Waveform 1	1
1301.0825	1301.0864	40937.0	54932.0	0.511	Echolocation	20220826_070000.WAV	274.0	Waveform 1	1
1301.6965	1301.7009	41796.0	57044.0	0.502	Echolocation	20220826_070000.WAV	275.0	Waveform 1	1
1343.3675	1343.3741	42656.0	54864.0	0.502	Echolocation	20220826_070000.WAV	276.0	Waveform 1	1
1343.4675	1343.4745	41796.0	56575.0	0.582	Echolocation	20220826_070000.WAV	277.0	Waveform 1	1
1343.8585	1343.865	43515.0	52163.0	0.532	Echolocation	20220826_070000.WAV	278.0	Waveform 1	1
1344.0635	1344.0703	42656.0	61936.0	0.578	Echolocation	20220826_070000.WAV	279.0	Waveform 1	1
1344.1625	1344.1687	42656.0	60866.0	0.533	Echolocation	20220826_070000.WAV	280.0	Waveform 1	1
1344.2595	1344.2659	40937.0	62726.0	0.522	Echolocation	20220826_070000.WAV	281.0	Waveform 1	1
1344.8375	1344.8447	41796.0	60053.0	0.579	Echolocation	20220826_070000.WAV	282.0	Waveform 1	1
1345.0335	1345.0408	41796.0	59437.0	0.57	Echolocation	20220826_070000.WAV	283.0	Waveform 1	1
1347.1145	1347.1225	38359.0	50885.0	0.615	Echolocation	20220826_070000.WAV	284.0	Waveform 1	1
1347.6275	1347.6349	39218.0	47397.0	0.537	Echolocation	20220826_070000.WAV	285.0	Waveform 1	1
1353.9345	1353.9378	38359.0	54440.0	0.506	Echolocation	20220826_070000.WAV	286.0	Waveform 1	1
1354.0765	1354.0801	39218.0	55617.0	0.554	Echolocation	20220826_070000.WAV	287.0	Waveform 1	1
1354.2375	1354.242	36640.0	59337.0	0.503	Echolocation	20220826_070000.WAV	288.0	Waveform 1	1
1354.3195	1354.3245	35781.0	57018.0	0.513	Echolocation	20220826_070000.WAV	289.0	Waveform 1	1
1354.4005	1354.4042	35781.0	59164.0	0.505	Echolocation	20220826_070000.WAV	290.0	Waveform 1	1
1354.4855	1354.4904	36640.0	57996.0	0.605	Echolocation	20220826_070000.WAV	291.0	Waveform 1	1
1354.5725	1354.5771	35781.0	63065.0	0.539	Echolocation	20220826_070000.WAV	292.0	Waveform 1	1
1354.6785	1354.682	36640.0	54221.0	0.586	Echolocation	20220826_070000.WAV	293.0	Waveform 1	1
1354.7605	1354.7651	34921.0	59493.0	0.554	Echolocation	20220826_070000.WAV	294.0	Waveform 1	1
1354.8325	1354.8357	36640.0	54905.0	0.569	Echolocation	20220826_070000.WAV	295.0	Waveform 1	1
1354.8785	1354.8831	35781.0	54248.0	0.531	Echolocation	20220826_070000.WAV	296.0	Waveform 1	1
1355.0015	1355.0056	35781.0	62488.0	0.597	Echolocation	20220826_070000.WAV	297.0	Waveform 1	1
1355.1335	1355.1382	35781.0	60527.0	0.549	Echolocation	20220826_070000.WAV	298.0	Waveform 1	1
1355.2145	1355.218	37500.0	53458.0	0.533	Echolocation	20220826_070000.WAV	299.0	Waveform 1	1
1355.3995	1355.4028	36640.0	50838.0	0.541	Echolocation	20220826_070000.WAV	300.0	Waveform 1	1
1355.9745	1355.9787	33203.0	59682.0	0.517	Echolocation	20220826_070000.WAV	301.0	Waveform 1	1
1356.0555	1356.0598	34921.0	57902.0	0.502	Echolocation	20220826_070000.WAV	302.0	Waveform 1	1
1356.1565	1356.1618	33203.0	62139.0	0.541	Echolocation	20220826_070000.WAV	303.0	Waveform 1	1
1356.7505	1356.7538	39218.0	50638.0	0.52	Echolocation	20220826_070000.WAV	304.0	Waveform 1	1
1359.8185	1359.8242	40078.0	57463.0	0.512	Echolocation	20220826_070000.WAV	305.0	Waveform 1	1
1360.1575	1360.1622	41796.0	57601.0	0.655	Echolocation	20220826_070000.WAV	306.0	Waveform 1	1
1360.5085	1360.5154	40937.0	49571.0	0.621	Echolocation	20220826_070000.WAV	307.0	Waveform 1	1
1360.7555	1360.7627	40078.0	51729.0	0.626	Echolocation	20220826_070000.WAV	308.0	Waveform 1	1
1360.9445	1360.9515	40937.0	49060.0	0.534	Echolocation	20220826_070000.WAV	309.0	Waveform 1	1
1361.1355	1361.1432	40078.0	47196.0	0.546	Echolocation	20220826_070000.WAV	310.0	Waveform 1	1
1361.3235	1361.3316	40078.0	51137.0	0.653	Echolocation	20220826_070000.WAV	311.0	Waveform 1	1
1361.5125	1361.52	40078.0	51024.0	0.568	Echolocation	20220826_070000.WAV	312.0	Waveform 1	1
1364.6845	1364.6933	39218.0	46153.0	0.528	Echolocation	20220826_070000.WAV	313.0	Waveform 1	1
1527.9415	1527.9506	38359.0	45750.0	0.593	Echolocation	20220826_070000.WAV	314.0	Waveform 1	1
1528.0465	1528.0555	38359.0	44271.0	0.562	Echolocation	20220826_070000.WAV	315.0	Waveform 1	1
1528.2985	1528.3065	38359.0	44710.0	0.521	Echolocation	20220826_070000.WAV	316.0	Waveform 1	1
1538.8965	1538.905	38359.0	44421.0	0.511	Echolocation	20220826_070000.WAV	317.0	Waveform 1	1
1539.0085	1539.0172	38359.0	46202.0	0.638	Echolocation	20220826_070000.WAV	318.0	Waveform 1	1
1539.1155	1539.1253	40078.0	49537.0	0.574	Echolocation	20220826_070000.WAV	319.0	Waveform 1	1
1539.2175	1539.2256	38359.0	45268.0	0.59	Echolocation	20220826_070000.WAV	320.0	Waveform 1	1
1539.3275	1539.3378	39218.0	49547.0	0.532	Echolocation	20220826_070000.WAV	321.0	Waveform 1	1
1539.4495	1539.4588	38359.0	44620.0	0.522	Echolocation	20220826_070000.WAV	322.0	Waveform 1	1
1539.6575	1539.6663	36640.0	46114.0	0.606	Echolocation	20220826_070000.WAV	323.0	Waveform 1	1
1539.7725	1539.7815	38359.0	46102.0	0.617	Echolocation	20220826_070000.WAV	324.0	Waveform 1	1
1539.9855	1539.9971	37500.0	49455.0	0.538	Echolocation	20220826_070000.WAV	325.0	Waveform 1	1
1540.1025	1540.1133	37500.0	50301.0	0.513	Echolocation	20220826_070000.WAV	326.0	Waveform 1	1
1540.1945	1540.2028	38359.0	54382.0	0.585	Echolocation	20220826_070000.WAV	327.0	Waveform 1	1
1540.2855	1540.2944	38359.0	51463.0	0.615	Echolocation	20220826_070000.WAV	328.0	Waveform 1	1
1540.3915	1540.4016	38359.0	54550.0	0.63	Echolocation	20220826_070000.WAV	329.0	Waveform 1	1
1540.6335	1540.6462	38359.0	51443.0	0.555	Echolocation	20220826_070000.WAV	330.0	Waveform 1	1
1540.7575	1540.7687	38359.0	52961.0	0.593	Echolocation	20220826_070000.WAV	331.0	Waveform 1	1
1540.9605	1540.9721	37500.0	55019.0	0.54	Echolocation	20220826_070000.WAV	332.0	Waveform 1	1
1541.0715	1541.0826	36640.0	51892.0	0.57	Echolocation	20220826_070000.WAV	333.0	Waveform 1	1
1541.1775	1541.1868	38359.0	51847.0	0.62	Echolocation	20220826_070000.WAV	334.0	Waveform 1	1
1541.2865	1541.2969	37500.0	53856.0	0.622	Echolocation	20220826_070000.WAV	335.0	Waveform 1	1
1541.4035	1541.4152	37500.0	55024.0	0.627	Echolocation	20220826_070000.WAV	336.0	Waveform 1	1
1541.5215	1541.5318	37500.0	51003.0	0.583	Echolocation	20220826_070000.WAV	337.0	Waveform 1	1
1541.6405	1541.649	36640.0	50026.0	0.566	Echolocation	20220826_070000.WAV	338.0	Waveform 1	1
1541.7605	1541.7699	36640.0	53934.0	0.587	Echolocation	20220826_070000.WAV	339.0	Waveform 1	1
1541.9765	1541.9852	37500.0	48032.0	0.659	Echolocation	20220826_070000.WAV	340.0	Waveform 1	1
1542.1405	1542.1507	36640.0	54138.0	0.593	Echolocation	20220826_070000.WAV	341.0	Waveform 1	1
1542.2565	1542.2648	36640.0	48172.0	0.649	Echolocation	20220826_070000.WAV	342.0	Waveform 1	1
1542.4665	1542.4748	37500.0	44034.0	0.577	Echolocation	20220826_070000.WAV	343.0	Waveform 1	1
1542.5815	1542.5905	37500.0	46611.0	0.648	Echolocation	20220826_070000.WAV	344.0	Waveform 1	1
1542.8025	1542.8112	37500.0	48850.0	0.632	Echolocation	20220826_070000.WAV	345.0	Waveform 1	1
1542.9135	1542.9229	38359.0	44846.0	0.582	Echolocation	20220826_070000.WAV	346.0	Waveform 1	1
1543.0285	1543.0372	37500.0	46992.0	0.609	Echolocation	20220826_070000.WAV	347.0	Waveform 1	1
1543.2785	1543.2878	39218.0	46663.0	0.549	Echolocation	20220826_070000.WAV	348.0	Waveform 1	1
1547.2915	1547.2997	39218.0	48041.0	0.659	Echolocation	20220826_070000.WAV	349.0	Waveform 1	1
1547.4045	1547.4112	40078.0	47005.0	0.519	Echolocation	20220826_070000.WAV	350.0	Waveform 1	1
1548.4825	1548.4888	40937.0	50994.0	0.535	Echolocation	20220826_070000.WAV	351.0	Waveform 1	1
1548.7485	1548.7544	40078.0	49699.0	0.533	Echolocation	20220826_070000.WAV	352.0	Waveform 1	1
1549.0425	1549.0496	40078.0	48998.0	0.592	Echolocation	20220826_070000.WAV	353.0	Waveform 1	1
1549.1345	1549.1404	40078.0	51993.0	0.563	Echolocation	20220826_070000.WAV	354.0	Waveform 1	1
1549.2355	1549.2413	40078.0	52953.0	0.653	Echolocation	20220826_070000.WAV	355.0	Waveform 1	1
1549.3325	1549.3395	40078.0	50111.0	0.583	Echolocation	20220826_070000.WAV	356.0	Waveform 1	1
1549.5185	1549.5251	40078.0	50620.0	0.519	Echolocation	20220826_070000.WAV	357.0	Waveform 1	1
1549.6095	1549.6157	39218.0	50957.0	0.565	Echolocation	20220826_070000.WAV	358.0	Waveform 1	1
1549.6975	1549.703	40078.0	53664.0	0.676	Echolocation	20220826_070000.WAV	359.0	Waveform 1	1
1549.7935	1549.8	38359.0	53889.0	0.556	Echolocation	20220826_070000.WAV	360.0	Waveform 1	1
1550.0765	1550.0829	39218.0	53782.0	0.521	Echolocation	20220826_070000.WAV	361.0	Waveform 1	1
1550.1665	1550.1744	38359.0	54280.0	0.546	Echolocation	20220826_070000.WAV	362.0	Waveform 1	1
1550.2625	1550.2687	39218.0	55465.0	0.571	Echolocation	20220826_070000.WAV	363.0	Waveform 1	1
1550.3575	1550.3643	38359.0	51916.0	0.534	Echolocation	20220826_070000.WAV	364.0	Waveform 1	1
1550.4555	1550.4615	39218.0	57020.0	0.546	Echolocation	20220826_070000.WAV	365.0	Waveform 1	1
1550.5325	1550.5383	39218.0	54716.0	0.537	Echolocation	20220826_070000.WAV	366.0	Waveform 1	1
1550.6385	1550.6463	38359.0	57709.0	0.584	Echolocation	20220826_070000.WAV	367.0	Waveform 1	1
1550.7445	1550.7526	38359.0	51936.0	0.67	Echolocation	20220826_070000.WAV	368.0	Waveform 1	1
1550.8325	1550.8409	38359.0	55230.0	0.577	Echolocation	20220826_070000.WAV	369.0	Waveform 1	1
1550.9335	1550.9411	38359.0	55963.0	0.603	Echolocation	20220826_070000.WAV	370.0	Waveform 1	1
1551.0365	1551.0452	37500.0	53836.0	0.635	Echolocation	20220826_070000.WAV	371.0	Waveform 1	1
1551.1375	1551.1463	38359.0	58010.0	0.577	Echolocation	20220826_070000.WAV	372.0	Waveform 1	1
1551.2385	1551.2472	38359.0	50966.0	0.632	Echolocation	20220826_070000.WAV	373.0	Waveform 1	1
1551.3405	1551.3481	38359.0	51841.0	0.632	Echolocation	20220826_070000.WAV	374.0	Waveform 1	1
1551.4355	1551.445	38359.0	48642.0	0.574	Echolocation	20220826_070000.WAV	375.0	Waveform 1	1
1551.5345	1551.5413	39218.0	53248.0	0.712	Echolocation	20220826_070000.WAV	376.0	Waveform 1	1
1551.6375	1551.6458	38359.0	48715.0	0.55	Echolocation	20220826_070000.WAV	377.0	Waveform 1	1
1551.7425	1551.75	39218.0	50338.0	0.67	Echolocation	20220826_070000.WAV	378.0	Waveform 1	1
1551.8445	1551.8527	38359.0	46861.0	0.503	Echolocation	20220826_070000.WAV	379.0	Waveform 1	1
1551.9455	1551.9529	40078.0	50325.0	0.586	Echolocation	20220826_070000.WAV	380.0	Waveform 1	1
1552.1555	1552.1639	39218.0	49607.0	0.577	Echolocation	20220826_070000.WAV	381.0	Waveform 1	1
1552.5835	1552.5919	39218.0	48109.0	0.56	Echolocation	20220826_070000.WAV	382.0	Waveform 1	1
1552.6885	1552.6957	40078.0	49410.0	0.542	Echolocation	20220826_070000.WAV	383.0	Waveform 1	1
1552.8995	1552.9078	40078.0	50529.0	0.624	Echolocation	20220826_070000.WAV	384.0	Waveform 1	1
1553.1165	1553.1247	37500.0	43551.0	0.507	Echolocation	20220826_070000.WAV	385.0	Waveform 1	1
1730.2465	1730.2619	23750.0	28333.0	0.514	Echolocation	20220826_070000.WAV		Waveform 1	1
